Instances/Dogrib/Evolution/dogrib_ros_7hr.asc
ncols        357
nrows        223
xllcorner    457900.000000000000
yllcorner    5716800.000000000000
cellsize     100.000000000000
NODATA_value -9999
[rows 111 to 147 of 223, columns 166 to 248 of 357]
0.00 0.00 0.00 0.00 0.00 0.00 0.00 0.00 0.00 0.00 0.00 0.00 0.00 0.00 0.00 0.00 0.00 0.00 0.00 0.00 0.00 0.00 0.00 0.00 0.00 0.00 0.00 0.00 0.00 0.00 0.00 0.00 0.00 0.00 0.00 0.00 0.00 0.00 0.00 0.00 0.00 0.00 0.00 0.00 0.00 0.00 0.00 0.00 57.19 63.06 67.09 72.38 75.46 73.60 66.30 57.46 0.00 0.00 0.00 55.41 50.92 20.82 38.31 56.59 50.16 73.79 78.82 79.76 80.01 81.10 76.68 73.17 71.06 74.01 78.11 0.00 0.00 63.27 69.92 0.00 0.00 0.00 0.00
0.00 0.00 0.00 0.00 0.00 0.00 0.00 0.00 0.00 0.00 0.00 0.00 0.00 0.00 0.00 0.00 0.00 0.00 0.00 0.00 0.00 0.00 0.00 0.00 0.00 0.00 0.00 0.00 0.00 0.00 0.00 0.00 0.00 0.00 0.00 0.00 0.00 0.00 0.00 0.00 0.00 0.00 0.00 0.00 0.00 0.00 0.00 45.70 77.48 70.43 86.29 85.20 76.42 74.82 72.60 68.19 63.66 0.00 59.99 10.15 0.00 24.01 45.86 53.09 70.61 81.10 79.38 80.39 85.00 83.15 71.96 68.98 55.05 56.13 56.09 80.52 72.82 72.40 71.31 68.58 0.00 0.00 0.00
0.00 0.00 0.00 0.00 0.00 0.00 0.00 0.00 0.00 0.00 0.00 0.00 0.00 0.00 0.00 0.00 0.00 0.00 0.00 0.00 0.00 0.00 0.00 0.00 0.00 0.00 0.00 0.00 0.00 0.00 0.00 0.00 0.00 0.00 0.00 0.00 0.00 0.00 0.00 0.00 0.00 0.00 0.00 0.00 0.00 0.00 51.87 63.28 74.98 75.22 72.00 70.28 82.46 83.37 81.28 64.88 57.37 64.30 0.00 0.00 43.71 58.39 61.88 70.07 72.45 73.17 81.49 80.46 72.07 69.28 61.91 68.03 64.78 64.92 69.46 71.11 72.06 73.11 73.36 63.79 0.00 0.00 78.09
0.00 0.00 0.00 0.00 0.00 0.00 0.00 0.00 0.00 0.00 0.00 0.00 0.00 0.00 0.00 0.00 0.00 0.00 0.00 0.00 0.00 0.00 0.00 0.00 0.00 0.00 0.00 0.00 0.00 0.00 0.00 0.00 0.00 0.00 0.00 0.00 0.00 0.00 0.00 0.00 0.00 0.00 0.00 0.00 0.00 37.17 59.32 77.07 73.63 74.34 72.77 69.48 80.75 81.63 74.24 68.98 66.69 70.10 0.00 42.78 53.79 57.17 75.58 75.50 72.74 76.94 79.83 69.32 44.57 68.29 68.99 73.07 72.26 73.22 82.96 73.53 72.27 57.51 75.11 73.13 60.24 63.26 75.89
0.00 0.00 0.00 0.00 0.00 0.00 0.00 0.00 0.00 0.00 0.00 0.00 0.00 0.00 0.00 0.00 0.00 0.00 0.00 0.00 0.00 0.00 0.00 0.00 0.00 0.00 0.00 0.00 0.00 0.00 0.00 0.00 0.00 0.00 0.00 0.00 0.00 0.00 0.00 0.00 0.00 0.00 0.00 0.00 21.52 53.63 56.84 79.79 74.60 74.92 74.18 72.11 77.79 65.14 72.75 68.26 48.67 51.16 28.38 48.00 51.63 68.39 68.76 68.76 71.26 65.05 63.47 60.40 71.06 76.83 70.40 76.87 75.67 85.35 69.46 65.30 48.73 69.61 76.87 74.36 67.24 70.67 77.36
0.00 0.00 0.00 0.00 0.00 0.00 0.00 0.00 0.00 0.00 0.00 0.00 0.00 0.00 0.00 0.00 0.00 0.00 0.00 0.00 0.00 0.00 0.00 0.00 0.00 0.00 0.00 0.00 0.00 0.00 0.00 0.00 0.00 0.00 0.00 0.00 0.00 0.00 0.00 0.00 0.00 0.00 0.00 0.00 46.78 54.40 77.40 75.22 75.52 75.78 73.79 72.19 77.56 78.72 63.41 39.19 49.85 28.81 38.81 50.15 56.73 67.84 71.45 71.34 63.65 57.14 68.87 85.20 86.69 86.82 84.74 84.09 79.78 56.62 70.53 75.89 78.19 69.89 68.80 70.86 67.36 75.19 0.00
0.00 0.00 0.00 0.00 0.00 0.00 0.00 0.00 0.00 0.00 0.00 0.00 0.00 0.00 0.00 0.00 0.00 0.00 0.00 0.00 0.00 0.00 0.00 0.00 0.00 0.00 0.00 0.00 0.00 0.00 0.00 0.00 0.00 0.00 0.00 0.00 0.00 0.00 0.00 0.00 0.00 0.00 0.00 20.30 57.26 63.52 80.85 74.63 74.17 71.10 68.46 82.87 80.93 75.21 57.01 18.62 35.60 40.82 57.49 59.57 52.49 55.84 63.62 64.45 59.47 68.29 67.53 83.60 80.60 78.27 72.87 74.93 72.40 75.05 82.09 83.30 80.25 65.88 64.58 64.96 69.34 35.78 0.00
0.00 0.00 0.00 0.00 0.00 0.00 0.00 0.00 0.00 0.00 0.00 0.00 0.00 0.00 0.00 0.00 0.00 0.00 0.00 0.00 0.00 0.00 0.00 0.00 0.00 0.00 0.00 0.00 0.00 0.00 0.00 0.00 0.00 0.00 0.00 0.00 0.00 0.00 0.00 0.00 0.00 0.00 0.00 34.21 63.79 73.20 81.68 76.37 73.49 76.12 76.13 75.64 57.87 37.77 28.08 21.50 43.42 68.47 69.20 73.45 77.56 74.13 30.04 44.84 67.89 69.09 83.58 74.75 78.95 41.58 37.78 62.94 76.91 82.35 81.78 82.20 74.66 72.72 60.58 54.83 61.86 12.10 0.00
0.00 0.00 0.00 0.00 0.00 0.00 0.00 0.00 0.00 0.00 0.00 0.00 0.00 0.00 0.00 0.00 0.00 0.00 0.00 0.00 0.00 0.00 0.00 0.00 0.00 0.00 0.00 0.00 0.00 0.00 0.00 0.00 0.00 0.00 0.00 0.00 0.00 0.00 0.00 0.00 0.00 0.00 14.85 57.94 67.12 60.52 72.28 83.51 80.92 80.71 76.69 30.90 48.83 80.30 58.27 39.64 52.69 59.78 61.79 63.64 67.88 65.91 49.79 60.44 69.44 75.26 72.53 55.61 65.07 64.48 68.65 68.37 79.01 84.17 83.95 76.76 75.53 66.78 56.61 68.91 76.36 0.00 0.00
0.00 0.00 0.00 0.00 0.00 0.00 0.00 0.00 0.00 0.00 0.00 0.00 0.00 0.00 0.00 0.00 0.00 0.00 0.00 0.00 0.00 0.00 0.00 0.00 0.00 0.00 0.00 0.00 0.00 0.00 0.00 0.00 0.00 0.00 0.00 0.00 0.00 0.00 0.00 0.00 0.00 0.00 25.57 53.62 76.29 80.86 81.33 57.96 68.13 43.70 66.38 71.02 76.11 65.75 79.21 64.69 35.73 44.65 46.84 42.95 41.64 56.66 67.57 63.30 69.33 73.55 78.41 53.84 79.83 79.62 72.56 71.18 79.64 84.13 79.76 51.09 48.14 55.43 71.39 74.65 13.85 0.00 0.00
0.00 0.00 0.00 0.00 0.00 0.00 0.00 0.00 0.00 0.00 0.00 0.00 0.00 0.00 0.00 0.00 0.00 0.00 0.00 0.00 0.00 0.00 0.00 0.00 0.00 0.00 0.00 0.00 0.00 0.00 0.00 0.00 0.00 0.00 0.00 0.00 0.00 0.00 0.00 0.00 0.00 19.91 55.82 64.22 79.71 64.91 71.59 50.39 74.18 72.05 76.57 44.31 75.74 75.47 88.73 67.72 44.29 38.74 43.91 36.56 37.56 55.77 67.13 61.57 63.88 68.48 65.51 69.28 70.34 74.48 83.30 82.36 82.03 82.25 65.27 62.14 56.45 67.98 68.35 71.62 0.00 0.00 0.00
0.00 0.00 0.00 0.00 0.00 0.00 0.00 0.00 0.00 0.00 0.00 0.00 0.00 0.00 0.00 0.00 0.00 0.00 0.00 0.00 0.00 0.00 0.00 0.00 0.00 0.00 0.00 0.00 0.00 0.00 0.00 0.00 0.00 0.00 0.00 0.00 0.00 0.00 0.00 0.00 19.26 33.80 58.84 58.80 44.40 75.01 81.28 84.42 77.97 72.09 76.11 72.05 87.94 86.44 75.47 75.22 68.90 52.46 37.63 58.89 63.28 52.93 66.79 56.27 60.04 64.94 73.72 72.85 72.74 73.81 82.62 83.51 79.71 64.74 56.70 48.73 75.18 68.83 66.40 29.57 0.00 0.00 0.00
0.00 0.00 0.00 0.00 0.00 0.00 0.00 0.00 0.00 0.00 0.00 0.00 0.00 0.00 0.00 0.00 0.00 0.00 0.00 0.00 0.00 0.00 0.00 0.00 0.00 0.00 0.00 0.00 0.00 0.00 0.00 0.00 0.00 0.00 0.00 0.00 0.00 0.00 0.00 14.14 14.29 54.63 54.08 74.92 80.01 86.90 80.07 83.68 67.67 75.51 87.77 87.88 84.78 76.43 75.89 74.27 72.81 43.63 50.25 54.83 49.38 39.25 44.99 44.92 63.21 71.90 74.28 75.97 76.09 76.76 77.98 80.61 65.21 32.12 43.90 50.11 63.73 68.79 50.29 0.00 0.00 0.00 0.00
0.00 0.00 0.00 0.00 0.00 0.00 0.00 0.00 0.00 0.00 0.00 0.00 0.00 0.00 0.00 0.00 0.00 0.00 0.00 0.00 0.00 0.00 0.00 0.00 0.00 0.00 0.00 0.00 0.00 0.00 0.00 0.00 0.00 0.00 0.00 0.00 28.97 10.01 9.38 15.03 39.92 52.47 80.12 84.00 75.71 78.65 82.40 76.44 69.35 69.20 88.23 84.26 84.18 76.29 72.35 72.26 69.09 65.85 32.29 36.39 36.69 16.81 25.56 61.25 70.93 75.36 75.51 75.22 80.80 86.46 84.00 79.11 75.93 48.50 40.23 43.06 58.91 50.02 0.00 0.00 0.00 0.00 0.00
0.00 0.00 0.00 0.00 0.00 0.00 0.00 0.00 0.00 0.00 0.00 0.00 0.00 0.00 0.00 0.00 0.00 0.00 0.00 0.00 0.00 0.00 0.00 0.00 0.00 0.00 0.00 0.00 0.00 0.00 0.00 0.00 0.00 0.00 24.94 29.33 16.97 25.05 28.82 20.83 26.40 70.44 83.76 79.77 81.78 75.88 75.39 71.95 81.77 87.19 80.25 83.86 80.38 74.68 70.07 72.18 67.79 58.59 48.66 41.04 35.68 46.26 32.17 58.62 75.56 74.56 74.78 83.35 87.91 77.08 86.22 86.38 63.40 54.34 53.33 35.78 40.12 3.28 0.00 0.00 0.00 0.00 0.00
0.00 0.00 0.00 0.00 0.00 0.00 0.00 0.00 0.00 0.00 0.00 0.00 0.00 0.00 0.00 0.00 0.00 0.00 0.00 0.00 0.00 0.00 0.00 0.00 0.00 0.00 0.00 0.00 0.00 0.00 0.00 0.00 21.11 54.21 31.43 50.55 48.52 62.07 47.72 31.28 33.88 56.89 69.14 84.11 76.46 84.37 72.75 84.55 81.93 84.80 84.27 82.41 72.60 55.58 72.98 70.89 82.21 65.32 62.25 19.33 48.49 39.01 55.81 70.57 75.29 75.44 75.65 76.69 77.04 88.03 84.49 77.13 67.82 78.64 61.93 44.31 30.46 0.00 0.00 0.00 0.00 0.00 0.00
0.00 0.00 0.00 0.00 0.00 0.00 0.00 0.00 0.00 0.00 0.00 0.00 0.00 0.00 0.00 0.00 0.00 0.00 0.00 0.00 0.00 0.00 0.00 0.00 0.00 0.00 0.00 0.00 0.00 0.00 0.00 28.63 53.54 39.27 52.79 61.90 65.04 49.83 65.77 52.38 20.83 26.65 61.40 74.69 74.63 78.27 88.60 84.52 82.91 84.79 84.34 79.12 55.29 59.51 60.82 73.62 64.12 83.64 26.89 20.00 50.43 60.37 68.76 77.87 83.81 87.86 88.20 87.08 87.79 81.96 64.64 62.18 71.85 68.84 31.57 27.37 0.00 0.00 0.00 0.00 0.00 0.00 0.00
0.00 0.00 0.00 0.00 0.00 0.00 0.00 0.00 0.00 0.00 0.00 0.00 0.00 0.00 0.00 0.00 0.00 0.00 0.00 0.00 0.00 0.00 0.00 0.00 0.00 0.00 0.00 0.00 0.00 0.00 27.28 35.37 46.56 53.18 58.38 69.18 43.66 42.44 76.77 66.70 31.86 15.45 30.23 68.85 74.85 89.40 91.88 79.22 78.65 85.73 83.85 71.03 47.95 43.90 70.71 84.70 84.92 59.17 25.69 26.27 28.66 56.17 68.99 80.36 84.73 88.02 88.57 84.54 83.73 72.13 82.03 75.99 46.91 55.64 57.55 0.00 0.00 0.00 0.00 0.00 0.00 0.00 0.00
0.00 0.00 0.00 0.00 0.00 0.00 0.00 0.00 0.00 0.00 0.00 0.00 0.00 0.00 0.00 0.00 0.00 0.00 0.00 0.00 0.00 0.00 0.00 0.00 0.00 0.00 0.00 0.00 16.78 24.31 28.03 42.78 38.54 51.99 54.83 52.73 61.36 76.63 70.05 73.76 76.05 38.03 24.11 51.73 75.73 78.38 88.31 90.12 79.17 79.37 64.24 70.50 49.99 66.91 81.26 81.87 71.55 46.48 28.79 26.56 67.86 62.60 71.40 83.68 84.08 83.89 59.15 75.57 76.34 82.67 81.86 64.90 43.59 42.66 0.00 0.00 0.00 0.00 0.00 0.00 0.00 0.00 0.00
0.00 0.00 0.00 0.00 0.00 0.00 0.00 0.00 0.00 0.00 0.00 0.00 0.00 0.00 0.00 0.00 0.00 0.00 0.00 0.00 0.00 52.05 0.00 0.00 0.00 0.00 0.00 22.35 24.17 20.93 31.55 39.67 45.29 51.54 42.97 65.00 73.32 70.50 76.85 79.16 76.89 67.68 38.08 56.33 71.92 77.80 88.65 85.87 57.14 76.44 61.52 60.12 75.03 76.64 80.04 72.92 20.81 74.28 22.26 65.71 66.16 72.56 74.40 78.80 81.48 80.28 81.06 70.26 65.00 81.70 70.77 51.58 22.55 0.00 0.00 0.00 0.00 0.00 0.00 0.00 0.00 0.00 0.00
0.00 0.00 0.00 0.00 0.00 0.00 0.00 0.00 0.00 0.00 0.00 0.00 0.00 0.00 0.00 0.00 0.00 0.00 69.51 74.88 83.41 0.00 59.64 0.00 0.00 0.00 16.77 34.53 32.38 33.83 20.26 30.92 43.36 44.56 63.20 59.44 64.22 71.13 81.82 86.54 76.49 68.51 69.90 65.72 66.24 67.07 74.93 79.55 82.39 72.89 57.51 75.52 84.10 84.27 81.56 25.67 28.12 19.90 80.38 81.83 68.06 71.71 82.90 83.95 54.58 80.94 73.00 78.84 70.48 63.84 63.42 62.40 0.00 0.00 0.00 0.00 0.00 0.00 0.00 0.00 0.00 0.00 0.00
0.00 0.00 0.00 0.00 0.00 0.00 0.00 0.00 0.00 0.00 0.00 0.00 0.00 0.00 0.00 0.00 62.08 71.73 75.83 72.64 77.01 76.77 0.00 0.00 0.00 27.94 29.34 36.79 39.84 50.88 49.11 17.71 26.18 56.14 50.47 63.25 69.83 66.84 67.22 72.38 80.32 75.93 80.08 80.13 58.35 36.34 62.26 76.82 67.74 51.77 77.06 79.27 67.53 78.25 27.92 29.01 79.44 84.57 85.30 83.50 67.16 68.19 79.49 58.10 83.42 88.04 78.46 62.16 51.37 35.98 53.90 0.00 0.00 0.00 0.00 0.00 0.00 0.00 0.00 0.00 0.00 0.00 0.00
0.00 0.00 0.00 0.00 0.00 0.00 0.00 0.00 0.00 0.00 0.00 0.00 0.00 0.00 41.02 62.63 67.31 69.98 75.28 79.68 70.78 61.86 0.00 0.00 33.39 26.09 36.80 38.14 43.96 66.99 31.31 52.20 38.00 34.89 54.36 71.40 50.61 56.17 61.24 65.71 71.17 73.36 76.62 73.97 62.91 51.90 44.26 45.63 66.17 76.12 65.18 80.13 75.69 78.33 80.81 29.20 78.61 85.20 85.56 80.14 61.16 58.36 85.42 85.00 86.82 78.62 60.52 52.33 52.71 55.48 0.00 0.00 0.00 0.00 0.00 0.00 0.00 0.00 0.00 0.00 0.00 0.00 0.00
0.00 0.00 0.00 0.00 0.00 0.00 0.00 0.00 0.00 0.00 0.00 0.00 0.00 29.86 32.81 48.46 63.87 66.97 70.39 63.72 54.16 0.00 65.93 31.02 26.00 35.89 33.65 58.34 68.49 23.25 69.38 81.94 53.73 44.22 35.93 49.70 48.16 57.34 58.12 62.13 67.64 70.56 66.96 68.57 77.41 48.10 53.03 62.21 70.82 56.42 51.56 69.53 75.69 74.23 77.10 79.11 83.79 84.82 81.49 77.56 71.19 65.77 78.01 86.52 81.41 57.21 76.62 36.61 60.39 0.00 0.00 0.00 0.00 75.45 10.64 0.00 0.00 0.00 0.00 0.00 0.00 0.00 0.00
0.00 0.00 0.00 0.00 0.00 0.00 0.00 0.00 0.00 0.00 0.00 0.00 48.69 39.84 26.20 44.73 58.88 61.91 57.98 0.00 21.74 71.90 22.53 23.90 36.89 47.52 59.97 66.04 1.17 65.21 54.68 66.05 89.87 66.61 79.73 55.28 46.30 47.85 49.23 55.03 61.90 51.02 61.76 54.70 16.05 69.50 70.98 70.48 67.17 66.73 27.47 34.38 63.97 68.44 78.14 79.04 72.37 84.06 80.78 74.02 73.35 80.15 71.05 68.23 69.07 57.47 25.75 55.15 0.00 0.00 0.00 49.65 76.32 79.45 75.33 0.00 0.00 0.00 0.00 0.00 0.00 0.00 0.00
0.00 0.00 0.00 0.00 0.00 0.00 0.00 0.00 0.00 0.00 31.43 53.15 53.17 74.47 46.59 30.20 43.85 39.29 45.77 50.62 57.77 18.77 24.48 31.33 39.06 49.99 64.65 0.00 61.63 32.72 74.62 79.25 76.36 92.68 69.37 88.89 81.71 61.27 24.05 22.55 29.50 43.95 43.58 44.73 53.00 62.50 64.14 78.03 76.81 70.09 59.72 59.74 61.46 58.97 60.55 74.50 80.82 70.01 84.76 84.90 75.09 68.04 46.40 64.34 30.73 72.34 42.48 0.00 0.00 0.00 40.10 76.52 48.51 75.65 51.88 0.00 0.00 0.00 0.00 0.00 0.00 0.00 0.00
0.00 0.00 0.00 0.00 0.00 0.00 0.00 0.00 0.00 37.20 57.61 66.54 83.09 83.02 48.54 24.85 22.89 42.32 54.36 53.58 15.16 21.34 29.12 37.27 47.27 57.81 63.45 69.31 0.00 69.66 29.55 81.80 78.29 72.71 89.62 76.48 66.10 87.53 82.39 63.77 50.40 68.73 55.66 29.20 32.90 57.95 45.26 73.04 61.71 60.63 59.95 62.94 64.83 57.87 43.97 51.47 61.81 72.73 74.59 69.08 49.59 69.52 38.96 15.38 62.74 0.00 0.00 0.00 40.67 66.14 41.45 80.23 73.70 0.00 0.00 0.00 0.00 0.00 0.00 0.00 0.00 0.00 0.00
0.00 0.00 0.00 0.00 0.00 0.00 0.00 0.00 37.95 54.41 66.51 83.11 68.66 33.11 16.39 31.30 19.11 33.51 51.42 11.28 20.70 28.29 36.78 49.43 69.38 58.89 65.00 84.70 91.68 0.00 81.69 33.28 69.71 88.48 78.52 68.80 89.74 74.59 45.72 73.97 88.33 89.48 78.59 48.03 38.10 40.89 61.03 47.07 36.54 58.08 62.09 59.57 60.65 66.65 62.00 72.07 67.86 67.04 43.60 61.96 30.47 10.46 0.00 53.06 0.00 0.00 0.00 33.21 66.06 50.76 79.82 0.00 0.00 0.00 0.00 0.00 0.00 0.00 0.00 0.00 0.00 0.00 0.00
0.00 0.00 0.00 0.00 0.00 0.00 0.00 29.28 52.86 67.17 68.03 16.56 8.15 27.31 51.58 59.93 38.54 24.67 9.15 15.91 23.59 37.17 41.09 61.10 55.14 65.22 76.97 79.58 90.24 88.25 0.00 80.39 85.85 26.37 57.79 90.27 59.81 23.22 67.37 85.24 91.14 78.80 83.31 88.76 87.66 80.03 68.21 69.23 43.50 49.88 45.06 39.62 51.67 63.16 61.16 79.03 59.25 58.20 52.79 0.00 0.00 46.82 39.86 55.04 66.49 53.24 38.95 78.37 71.42 81.41 0.00 0.00 0.00 0.00 0.00 0.00 0.00 0.00 0.00 0.00 0.00 0.00 0.00
0.00 0.00 0.00 0.00 0.00 0.00 29.92 55.43 67.65 71.74 0.00 0.00 32.56 59.04 65.35 83.10 63.21 13.22 8.30 17.90 27.69 45.76 40.27 51.17 63.82 76.56 79.30 60.99 78.62 80.56 86.32 83.34 0.00 67.68 88.34 21.29 8.96 65.37 88.06 86.88 45.47 81.94 40.32 92.64 81.83 77.62 92.01 88.75 72.49 59.86 62.58 31.57 36.65 47.15 70.70 47.83 54.66 50.53 70.85 45.50 44.38 72.77 76.85 61.46 49.04 73.84 71.42 72.21 15.02 0.00 0.00 0.00 0.00 0.00 0.00 0.00 0.00 0.00 0.00 0.00 0.00 0.00 0.00
0.00 0.00 0.00 0.00 31.61 30.73 50.79 66.00 75.03 60.79 0.00 30.93 58.95 76.84 86.27 71.11 49.20 13.94 7.77 18.94 39.01 45.28 42.38 62.24 69.15 76.50 78.39 82.22 79.15 78.20 74.64 84.92 87.17 79.94 0.00 0.00 72.90 86.38 66.13 14.33 83.66 89.79 86.63 65.08 81.41 91.20 85.84 66.05 72.39 90.11 86.30 61.89 32.90 30.41 45.09 53.76 68.89 44.51 14.04 33.98 86.17 72.88 59.88 85.46 73.47 78.70 76.43 0.00 0.00 0.00 0.00 0.00 0.00 0.00 0.00 0.00 0.00 0.00 0.00 0.00 0.00 0.00 0.00
0.00 0.00 0.00 32.62 28.89 48.13 72.15 60.97 51.23 31.09 44.46 58.04 83.51 68.14 51.15 13.41 16.30 10.99 18.21 14.99 37.48 41.01 62.30 71.14 73.83 75.26 76.40 79.79 76.17 67.23 84.04 84.30 76.30 74.02 74.47 70.55 84.51 85.33 0.00 81.53 90.66 77.88 23.77 74.12 91.51 84.79 44.82 80.68 91.98 90.69 75.41 55.47 42.90 29.82 34.22 58.51 73.85 0.00 39.01 65.19 66.49 57.16 78.17 74.12 61.92 63.86 0.00 0.00 0.00 0.00 0.00 0.00 0.00 0.00 0.00 0.00 0.00 0.00 0.00 0.00 0.00 0.00 0.00
0.00 0.00 30.98 32.08 50.22 70.60 49.29 23.71 21.02 42.34 59.95 81.39 53.23 37.25 11.81 16.01 17.45 27.74 33.64 15.69 26.14 48.06 59.09 66.74 69.09 75.60 69.02 66.60 79.20 83.23 77.34 68.23 76.14 71.04 69.15 83.40 85.80 86.62 83.34 74.80 72.57 0.00 77.31 90.07 83.74 14.43 78.21 91.27 87.51 62.40 64.20 79.01 54.33 11.76 38.12 72.88 83.35 68.13 64.70 44.83 70.57 74.64 63.63 55.10 0.00 0.00 0.00 0.00 0.00 0.00 0.00 0.00 0.00 0.00 0.00 0.00 0.00 0.00 0.00 0.00 0.00 0.00 0.00
0.00 27.98 30.47 49.49 57.69 10.96 0.00 16.50 43.36 79.10 41.59 23.16 15.02 9.30 16.58 19.08 27.98 43.24 57.50 22.64 22.38 38.54 52.04 64.79 67.48 68.76 76.39 74.75 78.97 69.70 49.26 72.26 76.47 75.46 80.62 82.64 86.13 86.11 84.79 85.31 79.23 86.02 84.48 83.41 0.00 76.59 92.06 85.82 32.50 62.16 65.95 47.86 37.83 45.16 31.60 62.70 64.42 33.90 38.76 73.64 63.10 49.35 71.35 0.00 0.00 0.00 0.00 0.00 0.00 0.00 0.00 0.00 0.00 0.00 0.00 0.00 0.00 0.00 0.00 0.00 0.00 0.00 0.00
27.68 28.01 48.60 27.37 0.00 0.00 9.08 51.61 34.49 10.18 0.00 0.00 5.06 10.26 19.38 32.21 44.84 63.26 79.47 61.07 18.32 41.61 67.71 56.38 65.33 72.58 82.38 68.83 66.21 71.98 66.33 65.50 77.06 82.95 83.72 84.18 78.82 84.02 84.63 85.92 85.14 85.49 83.58 86.39 86.32 85.77 84.91 0.00 58.58 71.34 28.57 58.83 34.51 63.60 38.32 42.24 0.00 52.52 65.00 29.35 59.68 72.83 0.00 0.00 0.00 0.00 0.00 0.00 0.00 0.00 0.00 0.00 0.00 0.00 0.00 0.00 0.00 0.00 0.00 0.00 0.00 0.00 0.00
33.89 39.35 0.00 0.00 0.00 4.20 70.32 0.00 0.00 0.00 0.00 0.00 8.23 14.31 26.85 48.23 68.39 82.71 86.93 67.17 26.67 46.21 48.17 53.34 56.40 76.03 63.64 63.58 65.43 60.97 56.29 72.67 74.51 82.16 90.05 84.34 83.58 83.69 84.45 83.68 83.06 84.14 85.35 83.38 85.40 83.69 80.26 72.04 69.45 0.00 41.52 28.18 71.67 79.22 38.07 49.88 50.20 16.71 18.38 75.14 66.12 0.00 0.00 0.00 0.00 0.00 0.00 0.00 0.00 0.00 0.00 0.00 0.00 0.00 0.00 0.00 0.00 0.00 0.00 0.00 0.00 0.00 0.00
39.89 0.00 0.00 48.31 0.00 36.89 0.00 0.00 0.00 0.00 0.00 6.03 13.08 26.92 48.70 77.57 86.40 89.10 90.03 82.73 27.02 23.58 35.44 41.61 51.27 51.85 42.77 54.05 72.03 66.56 70.13 74.51 73.73 65.84 76.99 82.87 66.32 84.30 83.51 76.89 84.13 83.56 77.00 75.22 74.52 78.98 71.75 66.11 59.83 63.83 0.00 71.90 72.82 42.79 73.93 39.58 0.00 20.75 56.27 0.00 0.00 0.00 0.00 0.00 0.00 0.00 0.00 0.00 0.00 0.00 0.00 0.00 0.00 0.00 0.00 0.00 0.00 0.00 0.00 0.00 0.00 0.00 0.00
