Instances/Dogrib/Evolution/dogrib_ros_6hr.asc
ncols        357
nrows        223
xllcorner    457900.000000000000
yllcorner    5716800.000000000000
cellsize     100.000000000000
NODATA_value -9999
[rows 152 to 189 of 223, columns 84 to 167 of 357]
0.00 0.00 0.00 0.00 0.00 0.00 0.00 0.00 0.00 0.00 0.00 0.00 0.00 0.00 0.00 0.00 0.00 0.00 0.00 0.00 0.00 0.00 0.00 0.00 0.00 0.00 0.00 0.00 0.00 0.00 0.00 0.00 0.00 0.00 0.00 0.00 0.00 0.00 0.00 0.00 0.00 0.00 0.00 0.00 0.00 0.00 0.00 0.00 0.00 0.00 0.00 0.00 0.00 0.00 0.00 0.00 0.00 0.00 0.00 0.00 0.00 0.00 0.00 0.00 0.00 0.00 0.00 0.00 0.00 0.00 0.00 0.00 0.00 0.00 0.00 0.00 0.00 0.00 38.38 41.25 53.17 55.38 54.87 62.17
0.00 0.00 0.00 0.00 0.00 0.00 0.00 0.00 0.00 0.00 0.00 0.00 0.00 0.00 0.00 0.00 0.00 0.00 0.00 0.00 0.00 0.00 0.00 0.00 0.00 0.00 0.00 0.00 0.00 0.00 0.00 0.00 0.00 0.00 0.00 0.00 0.00 0.00 0.00 0.00 0.00 0.00 0.00 0.00 0.00 0.00 0.00 0.00 0.00 0.00 0.00 0.00 0.00 0.00 0.00 0.00 0.00 0.00 0.00 0.00 0.00 0.00 0.00 0.00 0.00 0.00 0.00 0.00 0.00 0.00 0.00 0.00 0.00 0.00 0.00 0.00 0.00 41.50 49.77 53.65 62.41 65.47 68.42 40.40
0.00 0.00 0.00 0.00 0.00 0.00 0.00 0.00 0.00 0.00 0.00 0.00 0.00 0.00 0.00 0.00 0.00 0.00 0.00 0.00 0.00 0.00 0.00 0.00 0.00 0.00 0.00 0.00 0.00 0.00 0.00 0.00 0.00 0.00 0.00 0.00 0.00 0.00 0.00 0.00 0.00 0.00 0.00 0.00 0.00 0.00 0.00 0.00 0.00 0.00 0.00 0.00 0.00 0.00 0.00 0.00 0.00 0.00 0.00 0.00 0.00 0.00 0.00 0.00 0.00 0.00 0.00 0.00 0.00 0.00 0.00 0.00 0.00 0.00 0.00 32.16 42.22 47.61 56.79 68.86 67.37 50.31 47.63 46.31
0.00 0.00 0.00 0.00 0.00 0.00 0.00 0.00 0.00 0.00 0.00 0.00 0.00 0.00 0.00 0.00 0.00 0.00 0.00 0.00 0.00 0.00 0.00 0.00 0.00 0.00 0.00 0.00 0.00 0.00 0.00 0.00 0.00 0.00 0.00 0.00 0.00 0.00 0.00 0.00 0.00 0.00 0.00 0.00 0.00 0.00 0.00 0.00 0.00 0.00 0.00 0.00 0.00 0.00 0.00 0.00 0.00 0.00 0.00 0.00 0.00 0.00 0.00 0.00 0.00 0.00 0.00 0.00 0.00 0.00 0.00 0.00 0.00 0.00 31.49 40.15 49.48 59.35 63.40 77.48 59.29 46.91 53.40 49.96
0.00 0.00 0.00 0.00 0.00 0.00 0.00 0.00 0.00 0.00 0.00 0.00 0.00 0.00 0.00 0.00 0.00 0.00 0.00 0.00 0.00 0.00 0.00 0.00 0.00 0.00 0.00 0.00 0.00 0.00 0.00 0.00 0.00 0.00 0.00 0.00 0.00 0.00 0.00 0.00 0.00 0.00 0.00 0.00 0.00 0.00 0.00 0.00 0.00 0.00 0.00 0.00 0.00 0.00 0.00 0.00 0.00 0.00 0.00 0.00 0.00 0.00 0.00 0.00 0.00 0.00 0.00 0.00 0.00 0.00 0.00 0.00 0.00 48.90 42.05 49.42 58.25 68.95 72.65 72.43 47.50 49.74 49.96 61.76
0.00 0.00 0.00 0.00 0.00 0.00 0.00 0.00 0.00 0.00 0.00 0.00 0.00 0.00 0.00 0.00 0.00 0.00 0.00 0.00 0.00 0.00 0.00 0.00 0.00 0.00 0.00 0.00 0.00 0.00 0.00 0.00 0.00 0.00 0.00 0.00 0.00 0.00 0.00 0.00 0.00 0.00 0.00 0.00 0.00 0.00 0.00 0.00 0.00 0.00 0.00 0.00 0.00 0.00 0.00 0.00 0.00 0.00 0.00 0.00 0.00 0.00 0.00 0.00 0.00 0.00 0.00 0.00 0.00 0.00 0.00 0.00 39.78 39.71 48.44 60.29 69.31 76.61 33.14 45.36 44.40 46.75 54.26 69.13
0.00 0.00 0.00 0.00 0.00 0.00 0.00 0.00 0.00 0.00 0.00 0.00 0.00 0.00 0.00 0.00 0.00 0.00 0.00 0.00 0.00 0.00 0.00 0.00 0.00 0.00 0.00 0.00 0.00 0.00 0.00 0.00 0.00 0.00 0.00 0.00 0.00 0.00 0.00 0.00 0.00 0.00 0.00 0.00 0.00 0.00 0.00 0.00 0.00 0.00 0.00 0.00 0.00 0.00 0.00 0.00 0.00 0.00 0.00 0.00 0.00 0.00 0.00 0.00 0.00 0.00 0.00 0.00 0.00 0.00 0.00 34.69 36.49 49.02 56.25 68.42 71.20 38.40 42.68 38.08 58.26 65.88 72.07 78.40
0.00 0.00 0.00 0.00 0.00 0.00 0.00 0.00 0.00 0.00 0.00 0.00 0.00 0.00 0.00 0.00 0.00 0.00 0.00 0.00 0.00 0.00 0.00 0.00 0.00 0.00 0.00 0.00 0.00 0.00 0.00 0.00 0.00 0.00 0.00 0.00 0.00 0.00 0.00 0.00 0.00 0.00 0.00 0.00 0.00 0.00 0.00 0.00 0.00 0.00 0.00 0.00 0.00 0.00 0.00 0.00 0.00 0.00 0.00 0.00 0.00 0.00 0.00 0.00 0.00 0.00 0.00 0.00 0.00 0.00 28.51 35.11 47.91 56.54 68.37 72.80 30.42 39.46 47.41 64.12 70.56 76.44 81.91 84.04
0.00 0.00 0.00 0.00 0.00 0.00 0.00 0.00 0.00 0.00 0.00 0.00 0.00 0.00 0.00 0.00 0.00 0.00 0.00 0.00 0.00 0.00 0.00 0.00 0.00 0.00 0.00 0.00 0.00 0.00 0.00 0.00 0.00 0.00 0.00 0.00 0.00 0.00 0.00 0.00 0.00 0.00 0.00 0.00 0.00 0.00 0.00 0.00 0.00 0.00 0.00 0.00 0.00 0.00 0.00 0.00 0.00 0.00 0.00 0.00 0.00 0.00 0.00 0.00 0.00 0.00 0.00 0.00 0.00 26.01 32.61 46.42 58.71 70.16 74.07 36.51 40.44 40.12 61.98 72.72 81.46 86.57 86.28 83.70
0.00 0.00 0.00 0.00 0.00 0.00 0.00 0.00 0.00 0.00 0.00 0.00 0.00 0.00 0.00 0.00 0.00 0.00 0.00 0.00 0.00 0.00 0.00 0.00 0.00 0.00 0.00 0.00 0.00 0.00 0.00 0.00 0.00 0.00 0.00 0.00 0.00 0.00 0.00 0.00 0.00 0.00 0.00 0.00 0.00 0.00 0.00 0.00 0.00 0.00 0.00 0.00 0.00 0.00 0.00 0.00 0.00 0.00 0.00 0.00 0.00 0.00 0.00 0.00 0.00 0.00 0.00 0.00 24.69 28.05 45.25 59.58 71.32 77.41 38.97 40.80 41.52 67.72 65.00 79.42 91.87 89.26 86.99 85.57
0.00 0.00 0.00 0.00 0.00 0.00 0.00 0.00 0.00 0.00 0.00 0.00 0.00 0.00 0.00 0.00 0.00 0.00 0.00 0.00 0.00 0.00 0.00 0.00 0.00 0.00 0.00 0.00 0.00 0.00 0.00 0.00 0.00 0.00 0.00 0.00 0.00 0.00 0.00 0.00 0.00 0.00 0.00 0.00 0.00 0.00 0.00 0.00 0.00 0.00 0.00 0.00 0.00 0.00 0.00 0.00 0.00 0.00 0.00 0.00 0.00 0.00 0.00 0.00 0.00 0.00 0.00 19.63 30.20 45.21 57.22 70.03 75.12 38.30 37.34 49.03 52.29 69.76 77.64 90.47 88.47 91.05 90.18 87.09
0.00 0.00 0.00 0.00 0.00 0.00 0.00 0.00 0.00 0.00 0.00 0.00 0.00 0.00 0.00 0.00 0.00 0.00 0.00 0.00 0.00 0.00 0.00 0.00 0.00 0.00 0.00 0.00 0.00 0.00 0.00 0.00 0.00 0.00 0.00 0.00 0.00 0.00 0.00 0.00 0.00 0.00 0.00 0.00 0.00 0.00 0.00 0.00 0.00 0.00 0.00 0.00 0.00 0.00 0.00 0.00 0.00 0.00 0.00 0.00 0.00 0.00 0.00 0.00 0.00 0.00 16.75 31.13 47.01 54.79 71.65 67.95 42.77 39.63 56.53 71.98 68.15 85.59 81.72 80.59 79.21 92.73 87.06 83.57
0.00 0.00 0.00 0.00 0.00 0.00 0.00 0.00 0.00 0.00 0.00 0.00 0.00 0.00 0.00 0.00 0.00 0.00 0.00 0.00 0.00 0.00 0.00 0.00 0.00 0.00 0.00 0.00 0.00 0.00 0.00 0.00 0.00 0.00 0.00 0.00 0.00 0.00 0.00 0.00 0.00 0.00 0.00 0.00 0.00 0.00 0.00 0.00 0.00 0.00 0.00 0.00 0.00 0.00 9.92 0.00 0.00 59.45 0.00 0.00 0.00 0.00 0.00 0.00 0.00 12.90 22.11 50.45 59.72 74.11 76.03 44.53 42.78 57.01 64.46 73.22 85.82 85.06 74.41 86.61 85.62 73.46 89.23 77.28
0.00 0.00 0.00 0.00 0.00 0.00 0.00 0.00 0.00 0.00 0.00 0.00 0.00 0.00 0.00 0.00 9.67 12.86 23.58 27.97 6.31 8.11 8.75 9.44 13.24 14.59 17.14 20.38 24.97 0.00 0.00 0.00 0.00 0.00 0.00 0.00 0.00 0.00 0.00 0.00 0.00 0.00 0.00 0.00 0.00 0.00 0.00 0.00 0.00 0.00 0.00 0.00 0.00 0.00 10.92 19.39 47.27 71.27 0.00 0.00 0.00 0.00 0.00 0.00 13.17 19.76 42.72 66.48 81.70 82.88 37.67 37.23 72.44 60.04 77.73 89.16 85.80 89.18 88.08 76.56 66.14 77.01 71.83 62.67
0.00 0.00 0.00 0.00 0.00 0.00 0.00 0.00 0.00 0.00 0.00 0.00 0.00 0.00 0.00 8.49 11.02 13.11 18.75 37.35 29.25 18.22 5.05 10.37 9.39 12.52 14.76 16.52 22.85 0.00 0.00 0.00 0.00 0.00 0.00 0.00 0.00 0.00 0.00 0.00 0.00 0.00 0.00 0.00 0.00 0.00 0.00 0.00 0.00 0.00 0.00 0.00 0.00 4.56 15.81 40.34 72.85 70.51 0.00 0.00 0.00 0.00 0.00 7.74 18.79 41.88 55.77 75.70 84.09 32.00 40.12 51.68 39.80 86.43 87.19 83.78 81.75 75.87 83.84 85.78 64.97 60.49 54.09 74.74
0.00 0.00 0.00 0.00 0.00 0.00 0.00 0.00 0.00 0.00 0.00 0.00 0.00 0.00 6.88 10.07 12.33 13.27 16.58 25.30 43.58 38.17 10.13 14.45 35.91 29.09 30.20 30.79 44.50 0.00 0.00 0.00 0.00 0.00 0.00 0.00 0.00 0.00 0.00 0.00 0.00 0.00 0.00 0.00 0.00 0.00 0.00 0.00 0.00 0.00 0.00 0.00 0.00 5.44 36.53 71.29 65.24 48.71 0.00 0.00 0.00 0.00 0.00 9.24 42.73 66.69 76.54 68.94 14.86 22.15 23.41 71.67 87.62 83.26 84.43 75.91 49.87 67.54 84.02 79.48 64.83 62.11 71.49 74.30
0.00 0.00 0.00 0.00 0.00 0.00 0.00 0.00 0.00 0.00 0.00 0.00 0.00 5.43 7.37 9.39 12.87 16.89 22.83 26.26 17.88 17.26 6.58 40.93 42.83 30.49 26.47 42.78 32.37 0.00 0.00 0.00 0.00 0.00 0.00 0.00 0.00 0.00 0.00 0.00 0.00 0.00 0.00 0.00 0.00 0.00 0.00 0.00 0.00 0.00 21.75 0.00 0.00 14.54 69.62 23.94 10.75 10.00 9.30 9.19 0.00 0.00 0.00 12.67 71.66 86.23 60.50 32.22 23.44 51.11 82.22 85.35 63.55 83.36 78.43 82.62 73.15 73.43 68.85 54.56 78.68 71.89 86.06 83.46
0.00 0.00 0.00 0.00 0.00 0.00 0.00 0.00 0.00 0.00 0.00 0.00 5.23 5.58 7.96 10.73 18.12 17.92 28.31 32.67 30.01 9.67 9.85 19.80 26.33 45.27 61.48 46.78 55.13 72.11 0.00 0.00 0.00 0.00 0.00 0.00 0.00 0.00 0.00 0.00 0.00 0.00 0.00 0.00 0.00 0.00 9.45 8.67 0.00 2.87 21.42 0.00 0.00 51.96 0.00 0.00 0.00 0.00 0.00 11.03 0.00 12.03 0.00 38.69 81.98 21.78 37.40 33.55 56.78 69.56 84.05 70.17 82.99 80.91 82.36 75.41 66.10 54.62 58.95 84.06 80.18 88.78 85.03 73.85
0.00 0.00 0.00 0.00 0.00 0.00 0.00 0.00 0.00 0.00 0.00 5.08 13.19 6.52 8.81 10.49 16.93 23.45 27.34 36.09 33.79 28.08 6.48 3.30 3.76 6.28 3.88 27.79 3.82 7.79 14.81 0.00 0.00 0.00 0.00 0.00 0.00 0.00 0.00 0.00 0.00 0.00 0.00 0.00 5.28 3.78 7.50 14.40 25.14 44.16 36.45 0.00 46.95 71.31 0.00 0.00 0.00 0.00 4.47 20.76 0.00 33.92 0.00 20.85 56.11 13.32 14.74 48.68 68.02 69.80 82.32 74.71 69.91 86.92 55.41 60.60 58.53 57.32 76.82 76.32 77.27 81.14 75.03 69.18
0.00 0.00 0.00 0.00 0.00 0.00 0.00 0.00 0.00 0.00 0.00 3.56 5.82 9.11 11.49 19.37 20.75 29.44 29.67 39.07 56.48 55.10 2.42 4.37 3.17 4.96 29.40 9.89 7.08 10.31 13.51 11.39 27.39 0.00 0.00 0.00 0.00 0.00 0.00 0.00 0.00 0.00 0.00 4.02 6.76 39.01 71.41 73.49 63.34 67.38 51.37 63.60 77.45 62.42 76.49 0.00 0.00 0.00 14.64 54.60 78.56 48.23 38.23 48.67 10.74 27.10 30.62 72.52 63.17 72.51 88.82 87.89 58.22 54.11 56.95 83.95 90.34 68.58 71.64 84.20 77.41 75.78 67.94 82.44
0.00 0.00 0.00 0.00 0.00 0.00 0.00 0.00 0.00 0.00 4.81 8.42 8.13 11.43 19.90 28.22 26.01 33.40 34.55 41.08 38.02 26.06 5.73 9.38 14.55 37.48 62.65 19.22 36.89 21.59 20.22 16.79 22.58 35.13 0.00 0.00 0.00 0.00 0.00 0.00 0.00 3.20 28.04 11.79 45.57 90.94 88.18 68.91 65.22 73.92 72.22 74.88 25.25 62.23 61.83 0.00 0.00 5.82 50.45 75.70 78.32 44.08 42.24 5.91 11.32 11.09 48.89 48.48 83.06 66.11 88.98 82.88 67.34 52.51 72.42 78.83 59.55 76.58 82.91 67.28 64.80 71.80 87.07 87.91
0.00 0.00 0.00 0.00 0.00 0.00 0.00 0.00 0.00 0.00 8.53 9.36 10.70 19.79 26.48 26.54 15.48 17.02 13.20 19.40 8.79 4.02 13.22 14.20 25.85 46.36 22.50 6.62 35.47 36.52 35.26 37.84 47.01 51.64 51.64 0.00 1.99 0.00 0.00 2.15 4.05 6.07 7.33 49.03 52.67 11.39 5.67 27.88 6.10 14.39 24.97 29.90 32.39 27.90 18.13 62.66 0.00 61.74 74.45 72.89 78.44 44.43 0.00 0.00 17.48 58.20 28.84 76.57 27.31 66.45 66.73 54.75 29.56 79.40 67.50 48.08 83.94 86.73 56.82 68.40 75.97 86.43 88.97 89.82
0.00 0.00 0.00 0.00 0.00 0.00 0.00 0.00 4.28 13.89 11.53 9.14 12.50 29.27 16.92 13.71 16.52 22.68 13.89 18.03 15.19 10.66 10.79 14.42 30.74 52.88 32.13 2.40 38.14 35.19 40.00 54.34 52.27 51.94 53.55 57.33 57.11 0.00 2.33 5.73 9.06 15.81 0.00 0.00 0.00 0.00 6.74 0.00 0.00 7.07 5.82 9.03 14.25 14.20 62.74 76.67 72.58 74.42 74.71 67.70 0.00 0.00 0.00 0.00 25.50 79.77 81.16 83.49 44.04 59.29 38.80 20.61 89.29 49.59 51.94 79.68 72.17 67.07 54.75 70.44 80.63 90.60 92.81 85.36
0.00 0.00 0.00 0.00 0.00 0.00 0.00 11.27 8.55 5.27 10.00 12.09 24.59 18.74 14.20 24.57 17.04 20.28 24.72 21.84 20.81 8.84 7.30 12.09 28.40 39.82 25.45 6.19 2.65 33.20 47.47 53.92 47.27 49.69 59.36 63.31 63.76 63.89 54.56 55.03 56.40 47.71 50.95 0.00 0.00 0.00 16.55 0.00 2.40 9.47 13.87 35.18 57.73 63.24 62.16 65.84 65.98 29.89 39.07 0.00 0.00 0.00 0.00 0.00 73.34 83.53 83.10 21.56 18.92 18.55 59.43 84.98 67.81 20.60 54.66 49.42 42.53 40.74 67.58 89.82 91.46 85.06 69.39 50.63
0.00 0.00 0.00 0.00 0.00 0.00 6.38 10.15 19.34 6.48 12.51 22.46 12.89 19.14 17.71 17.44 21.21 28.01 30.97 37.26 30.41 15.21 6.33 12.46 38.01 42.61 28.96 10.30 4.32 4.42 20.58 37.81 45.98 48.32 52.51 57.65 61.45 65.75 66.60 65.02 64.76 63.57 63.64 61.97 0.00 1.31 7.23 14.15 20.20 26.84 0.00 3.89 16.33 32.96 26.04 47.41 52.69 59.25 60.20 63.20 59.18 0.00 0.00 86.73 87.53 85.54 72.53 18.12 18.04 60.51 53.53 48.17 57.88 13.53 20.94 16.39 24.90 62.88 68.94 88.74 75.65 61.05 49.03 74.00
0.00 0.00 0.00 0.00 0.00 6.43 7.74 12.59 10.42 8.06 7.07 17.01 19.38 20.88 24.52 24.19 32.29 31.09 38.24 43.40 40.26 24.92 6.82 10.39 45.59 58.17 36.89 16.65 3.52 8.01 31.24 30.61 21.47 27.37 50.55 53.72 56.70 64.82 67.16 65.59 64.87 60.56 61.23 63.75 65.07 51.67 64.90 54.62 51.45 51.18 55.59 59.28 64.34 69.53 64.99 69.59 63.58 66.01 70.10 60.19 54.55 0.00 89.57 90.88 89.74 84.84 69.89 14.56 19.53 60.51 31.29 29.02 20.17 61.58 13.44 14.78 63.83 56.38 81.21 61.98 31.91 51.72 83.16 75.88
0.00 0.00 0.00 0.00 0.00 5.89 11.03 10.48 9.67 16.26 7.57 18.69 20.68 17.80 21.15 33.66 30.46 34.99 40.53 54.13 55.26 35.77 11.28 7.64 32.88 61.31 43.35 28.94 11.58 2.67 32.83 4.74 0.00 0.00 27.94 29.91 48.89 61.20 64.93 64.50 63.72 57.82 59.28 63.72 64.08 64.38 65.37 66.08 66.54 65.78 65.05 63.61 66.19 87.04 84.86 78.96 88.34 89.13 90.16 85.55 85.91 74.05 88.23 91.13 86.19 63.71 18.01 19.90 16.41 23.85 17.06 75.11 18.63 17.34 62.18 21.58 21.36 71.30 13.19 65.38 82.29 80.50 80.11 74.09
0.00 0.00 0.00 0.00 2.68 7.07 13.55 10.36 14.32 8.56 9.91 14.97 16.93 26.00 28.29 30.88 34.46 38.92 48.87 60.28 60.26 42.30 18.27 8.67 20.07 42.52 54.76 43.78 0.00 10.93 11.87 17.37 0.00 0.00 0.00 13.21 35.05 0.00 11.15 51.02 63.15 58.95 55.63 60.38 61.61 62.75 65.92 68.20 69.51 66.12 62.12 64.83 75.44 87.93 83.21 83.25 86.57 88.59 88.55 87.95 86.16 80.85 81.86 85.80 20.78 22.44 73.09 10.30 13.40 16.10 63.23 12.77 18.23 15.70 77.24 59.89 19.53 18.61 79.27 81.39 77.80 88.06 54.02 31.13
0.00 0.00 0.00 2.29 3.27 6.27 8.76 35.48 13.45 9.34 10.55 18.90 23.48 26.46 26.58 29.50 39.72 43.62 48.92 57.25 55.75 47.08 28.12 12.51 11.73 28.56 52.61 0.00 0.00 0.00 0.00 0.00 0.00 0.00 0.00 0.00 1.79 2.60 9.45 39.77 32.39 55.99 55.78 58.44 60.82 60.19 63.81 69.53 68.49 64.60 61.38 61.73 80.43 0.00 4.54 36.87 62.71 73.71 80.76 83.35 82.04 82.51 82.22 56.06 22.66 20.79 0.00 8.99 17.02 38.88 15.92 71.06 69.02 85.03 61.13 37.00 19.95 82.59 79.73 55.87 64.48 33.59 23.87 22.88
0.00 0.00 0.00 3.12 3.25 4.49 10.24 16.32 15.23 6.64 14.92 20.99 25.18 26.46 27.52 34.25 40.21 40.20 42.22 48.54 46.60 42.85 26.10 17.73 10.07 12.15 36.65 49.59 0.00 0.00 0.00 0.00 0.00 0.00 0.00 0.00 0.00 0.00 0.00 0.00 28.62 57.03 46.99 53.68 59.78 61.38 66.71 70.80 66.55 62.87 62.55 63.23 82.46 80.03 75.83 73.80 0.00 4.46 22.64 49.74 63.78 81.21 81.76 82.38 21.53 54.35 19.51 59.38 17.02 19.11 61.84 71.68 83.57 78.72 10.57 24.99 59.45 78.25 20.34 24.37 11.79 7.82 6.97 0.00
0.00 0.00 7.07 2.88 3.12 4.08 8.56 16.11 11.63 24.21 18.27 23.54 21.06 27.30 32.20 33.43 33.45 31.27 31.38 41.81 41.96 42.87 32.68 21.32 12.48 13.97 28.83 59.97 0.00 0.00 0.00 0.00 0.00 0.00 0.00 0.00 0.00 0.00 0.00 0.00 0.00 32.20 30.88 58.40 48.99 56.27 65.80 72.63 67.31 62.90 69.68 81.55 82.77 82.84 82.84 82.61 84.33 83.95 86.83 76.35 74.24 73.06 71.36 71.70 75.87 76.94 59.06 13.81 47.53 19.79 83.23 84.86 84.89 0.00 12.15 59.31 75.82 51.13 10.45 5.77 0.00 0.00 0.00 0.00
0.00 0.00 4.07 2.33 2.67 4.13 9.02 11.14 16.92 19.25 15.97 8.86 18.42 20.28 16.16 25.47 29.82 28.75 28.14 31.36 30.15 30.68 20.22 18.21 13.59 12.34 11.09 23.56 27.13 21.45 25.10 0.00 0.00 0.00 0.00 0.00 0.00 0.00 0.00 0.00 0.00 2.07 8.79 13.35 24.84 36.52 45.76 64.06 64.33 60.52 77.06 82.01 82.26 82.11 80.61 78.77 82.32 86.39 87.22 86.30 84.16 82.63 67.81 60.51 41.01 42.18 14.78 50.79 80.71 84.12 79.47 83.64 57.86 14.10 20.15 17.73 51.44 0.00 0.00 0.00 0.00 0.00 0.00 0.00
0.00 0.00 0.00 1.07 1.94 2.93 4.12 7.98 17.76 14.65 18.13 18.76 19.39 12.73 16.16 25.80 20.10 16.39 14.19 16.22 17.99 17.90 13.74 11.80 10.33 15.65 16.16 14.86 6.60 8.22 23.66 0.00 0.00 0.00 0.00 0.00 0.00 0.00 0.00 0.00 0.00 3.11 0.00 2.77 16.81 20.43 13.86 7.57 3.64 2.69 1.74 73.32 75.94 79.07 79.62 69.89 83.35 80.84 82.81 0.00 4.60 22.35 15.01 71.87 20.74 1.16 60.56 73.06 83.30 83.45 77.92 59.91 16.21 18.66 55.93 46.06 0.00 0.00 0.00 0.00 0.00 0.00 0.00 0.00
0.00 0.00 0.00 0.00 0.00 2.64 3.54 7.74 8.08 20.00 21.12 17.69 17.49 13.28 18.13 13.39 12.66 11.89 11.73 14.57 14.22 34.22 6.82 7.24 5.70 6.20 6.59 8.93 3.42 8.23 0.00 0.00 0.00 0.00 0.00 0.00 0.00 0.00 0.00 0.00 0.00 0.00 0.00 0.00 0.00 2.94 5.47 4.71 5.27 4.20 2.59 0.96 53.84 66.66 78.91 79.13 85.70 85.61 80.95 79.93 76.74 79.66 80.44 0.00 0.00 62.53 44.18 79.20 80.63 67.98 22.79 62.81 70.62 15.98 60.83 77.72 25.12 0.00 0.00 0.00 0.00 73.72 0.00 0.00
0.00 0.00 0.00 0.00 0.00 0.73 3.65 10.43 7.59 21.39 13.42 12.61 9.10 6.74 12.43 9.74 4.90 11.48 11.14 15.75 13.99 12.55 11.76 10.53 16.51 8.52 20.02 16.26 18.74 14.83 31.49 0.00 0.00 0.00 0.00 0.00 0.00 0.00 0.00 0.00 0.00 0.00 0.00 0.00 0.00 0.00 0.00 0.00 0.00 0.00 0.00 0.00 3.48 48.31 64.15 77.74 82.78 85.27 87.72 88.92 86.94 83.13 86.24 86.69 83.29 81.40 88.83 81.54 79.85 0.00 57.52 62.94 14.67 52.92 21.42 0.00 56.37 0.00 0.00 0.00 66.57 0.00 0.00 0.00
0.00 0.00 0.00 0.00 0.00 0.00 2.05 13.48 10.91 6.70 6.10 10.76 6.10 6.15 6.14 7.38 8.18 7.74 7.76 8.66 9.29 8.71 9.11 9.05 8.06 8.05 8.03 7.30 7.79 12.32 0.00 0.00 0.00 0.00 0.00 0.00 0.00 0.00 0.00 0.00 0.00 0.00 0.00 0.00 0.00 0.00 0.00 0.00 0.00 0.00 0.00 0.00 0.00 4.49 37.40 57.57 70.19 67.70 78.89 86.29 85.56 85.42 88.81 85.38 85.42 84.46 87.54 89.18 75.09 79.44 59.06 16.48 42.18 0.00 33.43 26.77 30.70 0.00 19.40 45.37 0.00 0.00 0.00 0.00
0.00 0.00 0.00 0.00 0.00 0.00 0.00 1.97 3.53 2.69 3.50 2.50 3.06 3.43 2.88 3.67 5.06 5.34 6.15 7.10 8.23 9.54 8.29 7.56 7.53 7.55 7.46 7.41 0.00 0.00 0.00 0.00 0.00 0.00 0.00 0.00 0.00 0.00 0.00 0.00 0.00 0.00 0.00 0.00 0.00 0.00 0.00 0.00 0.00 0.00 0.00 0.00 0.00 3.13 14.38 28.65 46.89 53.43 65.19 70.71 75.14 75.70 80.80 82.09 85.76 84.07 79.61 70.92 27.94 47.12 34.64 26.00 24.24 24.01 17.23 16.38 51.85 47.35 0.00 0.00 0.00 0.00 0.00 0.00
0.00 0.00 0.00 0.00 0.00 0.00 0.00 1.04 3.42 2.29 3.79 3.72 3.48 4.35 4.28 4.13 1.89 2.50 3.23 3.75 4.14 4.20 4.42 0.00 0.00 0.00 0.00 0.00 0.00 0.00 0.00 0.00 0.00 0.00 0.00 0.00 0.00 0.00 0.00 0.00 0.00 0.00 0.00 0.00 0.00 0.00 0.00 0.00 0.00 0.00 0.00 0.00 0.00 0.00 9.22 22.42 40.74 36.12 60.59 67.37 67.65 70.91 68.49 69.22 68.48 73.19 44.17 76.48 20.38 13.78 11.26 10.18 9.00 39.52 50.85 33.23 28.24 0.00 0.00 0.00 0.00 0.00 0.00 0.00
