Instances/Dogrib/Evolution/dogrib_ros_5hr_north.asc
ncols        357
nrows        223
xllcorner    457900.000000000000
yllcorner    5716800.000000000000
cellsize     100.000000000000
NODATA_value -9999
[rows 148 to 184 of 223, columns 84 to 167 of 357]
73.91 74.65 84.42 85.36 84.92 84.84 85.02 84.44 83.57 81.08 71.27 67.51 53.02 39.84 30.69 14.87 0.00 0.00 0.00 1.72 59.08 0.00 63.44 62.68 8.77 1.80 0.00 0.00 0.00 8.94 27.47 27.78 58.77 73.60 82.56 78.16 77.16 62.70 33.62 9.72 0.00 0.00 0.00 0.00 0.00 0.00 0.00 0.00 0.00 0.00 0.00 0.00 0.00 0.00 0.00 0.00 0.00 0.00 0.00 0.00 62.73 71.02 74.95 80.72 81.59 82.71 81.29 76.86 64.61 80.50 0.00 0.00 0.00 0.00 0.00 0.00 0.00 0.00 0.00 0.00 0.00 0.00 0.00 0.00
66.53 74.63 77.32 83.78 84.81 85.27 85.06 76.27 83.98 83.55 72.47 68.31 66.53 53.64 35.47 14.22 4.24 0.00 0.00 0.00 59.46 65.62 65.54 57.33 0.00 0.00 0.00 0.00 0.00 15.73 27.02 31.70 62.73 74.99 82.79 78.26 61.49 41.12 12.59 18.12 0.00 0.00 0.00 0.00 0.00 0.00 0.00 0.00 0.00 0.00 0.00 0.00 0.00 0.00 0.00 0.00 0.00 0.00 0.00 0.00 54.48 64.15 72.02 79.49 76.88 83.17 81.14 76.14 61.13 81.34 0.00 0.00 0.00 0.00 0.00 0.00 0.00 0.00 0.00 0.00 0.00 0.00 0.00 0.00
61.13 69.32 73.45 82.31 83.54 85.44 85.29 85.15 83.96 84.44 83.19 57.32 65.64 61.86 32.98 23.88 16.49 0.00 0.00 0.00 56.62 64.28 66.11 50.23 0.00 0.00 0.00 0.00 0.00 14.58 24.51 32.45 70.73 77.99 79.85 62.49 23.32 27.84 6.87 38.13 0.00 0.00 0.00 0.00 0.00 0.00 0.00 0.00 0.00 0.00 0.00 0.00 0.00 0.00 0.00 0.00 0.00 0.00 0.00 0.00 54.53 65.23 74.44 81.54 68.06 82.58 80.31 73.72 70.32 79.08 0.00 0.00 0.00 0.00 0.00 0.00 0.00 0.00 0.00 0.00 0.00 0.00 0.00 0.00
57.72 65.55 70.07 76.50 80.77 83.23 83.70 83.47 82.03 80.67 81.70 83.89 71.10 60.13 75.60 64.70 22.63 19.74 5.25 0.00 50.49 62.03 64.50 29.82 0.00 0.00 0.00 0.00 0.00 14.28 26.01 35.64 62.49 72.18 74.30 35.87 20.06 7.65 73.79 36.62 0.00 0.00 0.00 0.00 0.00 0.00 0.00 0.00 0.00 0.00 0.00 0.00 0.00 0.00 0.00 0.00 0.00 0.00 0.00 0.00 47.80 69.52 79.87 82.25 80.96 81.43 79.13 68.74 70.31 78.40 0.00 0.00 0.00 0.00 0.00 0.00 0.00 0.00 0.00 0.00 0.00 0.00 0.00 0.00
52.68 49.60 68.26 70.59 79.00 81.43 82.47 81.92 78.93 76.53 79.51 84.01 65.63 78.43 71.99 55.55 47.83 28.91 18.23 0.00 29.22 57.34 64.63 5.05 0.00 0.00 0.00 0.00 0.00 12.89 21.95 43.82 63.45 67.93 46.00 20.81 6.87 80.82 39.91 37.57 0.00 0.00 0.00 0.00 0.00 0.00 0.00 0.00 0.00 0.00 0.00 0.00 0.00 0.00 0.00 0.00 0.00 0.00 0.00 0.00 62.37 78.17 75.64 79.72 76.27 80.69 77.31 61.00 76.68 71.41 0.00 0.00 0.00 0.00 0.00 0.00 0.00 0.00 0.00 0.00 0.00 0.00 0.00 0.00
31.07 35.17 64.92 69.40 72.39 80.28 82.31 80.41 74.82 77.31 67.39 44.50 69.53 79.50 75.45 79.59 31.89 27.60 49.35 9.20 16.04 55.83 63.34 0.00 0.00 0.00 0.00 0.00 0.00 11.95 25.24 50.07 63.03 58.58 36.64 5.33 74.95 59.24 69.96 47.85 0.00 0.00 0.00 0.00 0.00 0.00 0.00 0.00 0.00 0.00 0.00 0.00 0.00 0.00 0.00 0.00 0.00 0.00 0.00 0.00 68.42 66.64 74.02 77.16 78.11 79.81 76.18 60.01 79.75 71.34 0.00 0.00 0.00 0.00 0.00 0.00 0.00 0.00 0.00 0.00 0.00 0.00 0.00 0.00
22.94 21.38 35.03 37.68 57.19 52.00 58.35 57.47 62.06 68.89 65.60 67.35 72.73 81.74 73.26 74.91 70.15 31.89 57.23 58.00 0.00 55.58 62.22 65.37 0.00 0.00 0.00 0.00 5.78 13.84 28.54 65.44 76.02 53.01 48.04 6.53 76.17 50.18 50.13 0.00 0.00 0.00 0.00 0.00 0.00 0.00 0.00 0.00 0.00 0.00 0.00 0.00 0.00 0.00 0.00 0.00 0.00 0.00 0.00 0.00 60.89 62.99 72.32 77.38 77.22 79.45 71.49 55.95 78.27 61.87 0.00 0.00 0.00 0.00 0.00 0.00 0.00 0.00 0.00 0.00 0.00 0.00 0.00 0.00
30.82 27.77 32.71 36.72 43.77 65.24 73.66 75.66 70.68 73.60 72.07 69.37 24.72 79.76 73.63 62.18 47.07 54.51 25.48 46.31 59.63 54.95 60.12 64.57 0.00 0.00 0.00 0.00 6.02 11.52 34.13 66.41 67.29 50.31 12.85 30.26 66.84 58.85 53.35 0.00 0.00 0.00 0.00 0.00 0.00 0.00 0.00 0.00 0.00 0.00 0.00 0.00 0.00 0.00 0.00 0.00 0.00 0.00 0.00 0.00 47.65 60.44 72.03 77.99 78.18 77.11 73.20 44.86 73.88 48.11 0.00 0.00 0.00 0.00 0.00 0.00 0.00 0.00 0.00 0.00 0.00 0.00 0.00 0.00
21.27 26.09 19.89 25.25 32.28 44.16 63.12 68.21 67.39 64.64 48.14 57.00 55.61 78.76 72.16 39.81 62.57 52.55 43.29 8.16 57.24 53.90 57.68 64.16 0.00 0.00 0.00 0.00 4.73 11.90 38.24 80.77 54.04 26.91 11.04 69.76 56.08 38.94 0.00 0.00 0.00 0.00 0.00 0.00 0.00 0.00 0.00 0.00 0.00 0.00 0.00 0.00 0.00 0.00 0.00 0.00 0.00 0.00 0.00 0.00 48.38 58.46 70.22 58.43 78.18 75.13 71.84 64.69 80.00 72.29 69.71 0.00 0.00 0.00 0.00 0.00 0.00 0.00 0.00 0.00 0.00 0.00 0.00 0.00
28.79 22.09 22.56 29.17 28.09 20.10 34.69 40.34 37.69 41.01 29.89 37.95 43.22 46.43 44.85 46.37 54.62 47.75 45.61 37.48 43.44 55.51 56.91 62.60 65.34 0.00 0.00 0.00 0.00 9.85 46.68 79.62 51.92 19.12 8.02 86.20 47.18 35.60 0.00 0.00 0.00 0.00 0.00 0.00 0.00 0.00 0.00 0.00 0.00 0.00 0.00 0.00 0.00 0.00 0.00 0.00 0.00 0.00 0.00 0.00 46.13 56.79 70.07 44.55 78.68 78.62 67.05 67.04 71.21 70.12 67.43 0.00 83.40 0.00 0.00 0.00 0.00 0.00 0.00 0.00 0.00 0.00 0.00 0.00
29.34 22.65 20.81 16.02 26.38 14.04 18.87 33.62 45.97 31.49 23.72 20.45 30.40 34.86 35.21 48.82 52.22 38.09 44.19 37.43 28.18 58.66 57.44 59.46 65.13 65.08 0.00 0.00 0.00 5.37 56.53 60.50 30.48 12.48 80.36 73.45 22.64 0.00 0.00 0.00 0.00 0.00 0.00 0.00 0.00 0.00 0.00 0.00 0.00 0.00 0.00 0.00 0.00 0.00 0.00 0.00 0.00 0.00 0.00 0.00 15.36 52.73 69.27 77.35 78.77 79.43 64.37 79.60 65.01 71.82 63.24 0.00 82.97 78.54 0.00 0.00 0.00 0.00 0.00 0.00 0.00 0.00 0.00 0.00
29.05 23.74 17.13 31.12 8.10 3.76 7.71 9.86 23.10 30.04 20.55 29.56 15.91 19.88 25.43 23.74 33.72 39.35 48.65 37.60 27.82 37.23 59.20 58.13 62.64 64.19 64.25 0.00 0.00 1.52 74.43 30.92 13.95 8.55 84.71 36.92 11.81 0.00 0.00 0.00 0.00 0.00 0.00 0.00 0.00 0.00 0.00 0.00 0.00 0.00 0.00 0.00 0.00 0.00 0.00 0.00 0.00 0.00 0.00 0.00 15.36 51.59 65.53 65.27 79.05 75.96 55.50 80.07 67.33 72.00 56.57 78.70 82.85 75.59 0.00 0.00 0.00 0.00 0.00 0.00 0.00 0.00 0.00 0.00
30.06 33.54 23.04 22.31 29.94 21.13 22.07 15.12 12.92 12.53 20.87 30.19 18.87 31.80 26.86 30.59 31.99 49.67 51.18 34.27 36.28 27.92 35.50 56.14 61.89 63.55 64.23 64.46 0.00 0.00 67.10 11.37 4.82 65.12 68.19 13.56 0.00 0.00 0.00 0.00 0.00 0.00 0.00 0.00 0.00 0.00 0.00 0.00 0.00 0.00 0.00 0.00 0.00 0.00 0.00 0.00 0.00 0.00 0.00 0.00 0.00 42.81 53.45 79.97 79.41 73.77 47.43 78.16 70.90 70.93 72.55 78.78 83.25 73.90 0.00 0.00 0.00 0.00 0.00 0.00 0.00 0.00 0.00 0.00
33.69 32.74 29.18 22.74 21.34 28.90 29.35 24.46 27.58 28.65 31.49 34.20 37.92 29.81 35.08 32.48 30.22 33.03 37.57 48.62 44.80 30.15 31.76 31.25 62.27 62.98 63.99 64.66 64.74 66.80 10.54 2.24 87.21 91.01 17.54 7.42 0.00 0.00 0.00 0.00 0.00 0.00 0.00 0.00 0.00 0.00 0.00 0.00 0.00 0.00 0.00 0.00 0.00 0.00 0.00 0.00 0.00 0.00 0.00 0.00 0.00 26.45 35.16 82.06 79.26 70.84 51.65 77.91 68.81 63.10 71.23 77.15 82.02 73.66 0.00 0.00 0.00 0.00 0.00 0.00 0.00 0.00 0.00 0.00
33.91 23.64 19.44 23.63 22.13 28.24 28.60 20.79 20.48 22.71 9.56 8.13 14.49 31.24 25.05 24.68 19.98 32.35 35.88 42.72 33.71 33.64 34.84 31.04 49.38 63.59 64.08 64.09 64.44 64.22 0.00 0.00 0.00 21.82 29.14 0.00 0.00 0.00 0.00 0.00 0.00 0.00 0.00 0.00 0.00 0.00 0.00 0.00 0.00 0.00 0.00 0.00 0.00 0.00 0.00 0.00 0.00 0.00 0.00 0.00 0.00 34.05 71.80 82.98 79.36 64.69 79.85 74.30 65.52 62.70 72.45 77.44 78.98 67.21 0.00 0.00 0.00 0.00 0.00 0.00 0.00 0.00 0.00 0.00
30.33 28.67 23.66 23.16 28.89 28.16 25.18 15.80 22.05 21.37 22.70 18.54 21.13 25.62 32.33 30.17 27.26 34.52 37.45 38.14 35.12 30.64 24.41 30.51 34.37 60.69 64.45 64.32 64.73 63.41 0.00 0.00 0.00 0.00 0.00 0.00 0.00 0.00 0.00 0.00 0.00 0.00 0.00 0.00 0.00 0.00 0.00 0.00 0.00 0.00 0.00 0.00 0.00 0.00 0.00 0.00 0.00 0.00 0.00 0.00 0.00 16.05 66.68 55.89 78.60 55.79 79.48 80.80 75.67 53.77 71.64 75.08 71.36 71.23 0.00 0.00 0.00 0.00 0.00 0.00 0.00 0.00 0.00 0.00
30.39 29.77 29.88 29.20 30.55 25.34 23.92 23.46 24.01 20.67 20.89 21.37 18.30 13.59 12.41 14.39 34.15 37.05 39.62 40.24 35.27 32.33 28.02 25.57 29.91 36.51 63.51 63.69 64.35 64.72 0.00 0.00 0.00 0.00 0.00 0.00 0.00 0.00 0.00 0.00 0.00 0.00 0.00 0.00 0.00 0.00 0.00 0.00 0.00 0.00 0.00 0.00 0.00 67.18 46.69 0.00 0.00 0.00 0.00 0.00 0.00 0.00 52.42 59.22 76.24 38.94 77.50 62.27 75.80 43.62 74.12 72.37 66.46 66.30 0.00 0.00 0.00 0.00 0.00 0.00 0.00 0.00 0.00 0.00
32.88 27.41 29.31 28.63 15.27 26.17 26.80 25.10 26.02 24.82 24.70 24.55 23.25 24.01 20.40 19.29 15.90 11.18 32.82 36.91 34.02 32.78 28.32 25.46 28.26 33.31 63.22 63.92 64.59 0.00 0.00 0.00 0.00 0.00 0.00 0.00 0.00 0.00 0.00 0.00 0.00 0.00 0.00 0.00 0.00 0.00 0.00 0.00 0.00 0.00 0.00 0.00 0.00 55.80 31.94 40.63 0.00 0.00 0.00 0.00 0.00 0.00 21.96 86.74 76.09 64.31 86.39 83.97 72.49 23.29 71.86 84.25 65.40 54.77 0.00 0.00 0.00 0.00 0.00 0.00 0.00 0.00 0.00 0.00
26.04 30.86 27.97 25.72 24.68 25.47 28.44 16.31 26.53 26.05 26.06 25.85 22.74 23.98 22.74 19.30 16.79 16.45 15.71 35.14 39.24 32.85 26.17 24.53 26.99 32.29 59.76 61.35 64.13 0.00 0.00 0.00 0.00 0.00 0.00 0.00 0.00 0.00 0.00 0.00 0.00 0.00 0.00 0.00 0.00 41.70 0.00 0.00 0.00 0.00 0.00 0.00 0.00 49.35 38.21 0.00 0.00 0.00 0.00 0.00 0.00 0.00 3.72 87.30 85.28 49.62 74.30 83.48 70.96 57.83 54.49 82.43 64.74 0.00 0.00 0.00 0.00 0.00 0.00 0.00 0.00 0.00 0.00 0.00
27.74 33.30 29.34 25.20 26.10 25.74 25.52 27.44 25.89 24.88 14.65 25.18 21.32 22.99 22.81 17.42 17.05 13.80 20.47 2.48 40.61 37.33 27.71 25.96 25.69 44.81 55.25 57.79 62.74 0.00 0.00 0.00 0.00 0.00 0.00 0.00 0.00 0.00 0.00 0.00 0.00 0.00 0.00 0.00 0.00 29.10 0.00 0.00 0.00 0.00 0.00 0.00 45.81 32.05 29.58 0.00 0.00 0.00 0.00 0.00 0.00 0.00 0.00 85.96 77.73 39.54 62.24 78.44 52.91 20.21 29.30 80.60 65.04 0.00 0.00 0.00 0.00 0.00 0.00 0.00 0.00 0.00 0.00 0.00
34.00 30.72 27.92 25.61 26.24 27.04 25.67 26.63 14.81 15.65 13.42 24.17 20.36 20.00 21.24 17.16 15.33 12.20 37.65 33.87 4.06 46.07 43.01 35.38 28.89 47.46 49.72 52.51 61.01 0.00 0.00 0.00 0.00 0.00 0.00 0.00 0.00 0.00 0.00 0.00 0.00 0.00 0.00 0.00 0.00 24.33 0.00 0.00 0.00 0.00 67.75 0.00 4.46 15.71 0.00 0.00 0.00 0.00 37.51 77.23 0.00 0.00 0.00 82.91 58.03 50.66 86.42 70.28 39.02 53.27 85.82 83.03 56.20 0.00 0.00 0.00 0.00 0.00 0.00 0.00 0.00 0.00 0.00 0.00
31.94 25.45 26.17 24.78 25.63 26.68 27.40 27.89 17.75 25.09 13.81 20.23 15.35 15.87 14.88 14.65 11.66 36.39 42.17 35.66 1.72 5.53 49.52 43.53 39.43 56.26 49.01 51.71 57.24 64.42 0.00 0.00 0.00 0.00 0.00 0.00 0.00 0.00 0.00 0.00 0.00 0.00 0.00 0.00 0.00 22.02 40.75 67.97 0.00 2.31 28.07 0.00 0.00 17.56 0.00 0.00 0.00 0.00 37.30 80.20 0.00 68.73 0.00 81.68 40.22 16.22 58.52 81.01 34.32 49.74 89.09 71.24 34.60 0.00 0.00 0.00 0.00 0.00 0.00 0.00 0.00 0.00 0.00 0.00
23.63 23.21 23.50 23.57 23.95 24.84 26.00 26.44 6.76 17.16 14.97 17.99 13.71 13.72 12.55 9.52 17.66 37.14 34.18 29.02 35.80 2.69 12.93 5.61 20.90 77.45 64.94 43.83 52.14 57.73 63.65 0.00 0.00 0.00 0.00 0.00 0.00 0.00 0.00 0.00 0.00 0.00 0.00 0.00 3.24 10.68 32.16 35.15 52.11 54.45 66.87 0.00 38.08 57.06 0.00 0.00 0.00 0.00 61.44 78.96 0.00 51.03 0.00 63.62 49.06 69.28 19.89 61.37 30.47 49.18 90.05 61.18 36.32 0.00 0.00 0.00 0.00 0.00 0.00 0.00 0.00 0.00 0.00 0.00
24.00 23.73 23.72 23.06 22.73 22.59 24.29 25.10 0.00 3.78 19.67 20.39 18.26 10.74 10.09 10.86 16.52 33.28 23.26 24.53 28.13 16.18 1.19 12.95 9.60 6.28 48.10 44.75 48.59 53.25 58.51 64.46 60.03 0.00 0.00 0.00 0.00 0.00 0.00 0.00 0.00 0.00 19.03 4.50 79.75 63.73 65.60 65.11 44.82 70.33 68.53 68.69 0.41 70.16 79.32 0.00 0.00 0.00 72.42 77.22 81.40 61.00 0.00 16.62 53.21 44.51 51.99 78.67 24.22 48.91 89.67 56.60 72.52 0.00 0.00 0.00 0.00 0.00 0.00 0.00 0.00 0.00 0.00 0.00
25.57 26.82 25.75 24.63 23.44 22.48 23.27 24.76 25.22 0.00 26.41 22.52 19.87 15.20 7.24 23.34 20.01 24.84 19.78 27.10 22.02 9.50 3.98 1.24 1.08 1.66 58.77 53.10 25.91 41.14 52.47 60.22 62.33 64.53 0.00 0.00 0.00 0.00 0.00 0.00 0.00 0.00 19.72 66.98 35.10 48.45 39.11 20.05 17.95 18.42 26.00 30.04 38.75 24.37 78.81 0.00 0.00 64.39 74.55 75.75 80.87 56.62 0.00 3.94 14.31 14.05 63.80 42.26 17.57 45.33 93.04 44.83 95.16 0.00 0.00 0.00 0.00 0.00 0.00 0.00 0.00 0.00 0.00 0.00
27.38 28.94 28.47 27.48 25.82 25.42 24.60 24.77 26.43 0.00 28.49 16.79 19.79 9.40 21.52 18.81 26.82 18.39 27.08 21.97 11.19 3.33 0.00 0.00 0.00 1.04 3.73 49.14 36.24 38.09 36.37 53.74 57.75 59.71 61.34 0.00 2.53 0.00 0.00 0.00 3.45 5.21 9.28 61.45 8.16 0.00 30.96 86.18 11.01 14.16 23.24 31.64 32.59 17.79 68.39 79.54 0.00 65.56 73.64 73.56 78.92 23.81 0.00 0.00 65.61 68.61 20.22 32.63 21.07 31.41 80.11 59.12 64.38 0.00 0.00 0.00 0.00 0.00 0.00 0.00 0.00 0.00 0.00 0.00
29.12 27.83 27.54 29.80 28.65 27.77 27.69 25.79 26.32 28.38 26.81 17.51 10.86 26.95 19.48 19.96 20.62 25.75 20.46 9.54 4.64 0.00 0.00 0.00 0.00 0.00 1.28 50.10 43.97 36.55 42.54 55.71 54.40 54.93 60.51 60.43 56.75 0.00 1.23 4.20 8.48 13.81 0.00 24.87 0.00 0.00 59.50 0.00 0.00 0.00 22.59 29.89 11.02 16.18 62.46 79.53 75.18 71.13 70.19 64.80 0.00 0.00 0.00 0.00 64.57 70.18 54.38 19.10 45.07 38.66 57.61 20.93 56.15 0.00 0.00 0.00 0.00 0.00 0.00 0.00 0.00 0.00 0.00 0.00
27.47 28.98 27.59 28.55 28.04 29.58 27.45 25.48 26.41 27.24 26.04 19.88 13.17 26.31 22.43 12.19 26.53 18.02 10.49 5.88 0.00 0.00 0.00 0.00 0.00 0.00 1.88 34.66 45.60 35.27 48.17 58.91 52.11 50.18 59.47 63.49 63.67 64.54 63.44 52.65 50.35 51.42 48.50 0.00 0.00 0.00 69.09 0.00 0.00 9.29 13.81 45.72 59.15 61.08 54.80 75.69 51.99 50.24 44.61 0.00 0.00 0.00 0.00 0.00 51.51 56.53 51.36 20.19 20.88 18.56 38.50 85.35 55.13 0.00 0.00 0.00 0.00 0.00 0.00 0.00 0.00 0.00 0.00 0.00
22.43 27.27 28.22 27.51 28.09 27.88 29.67 26.81 25.47 26.66 23.64 18.43 16.95 22.27 15.29 26.78 15.07 10.22 7.57 0.00 0.00 0.00 0.00 0.00 0.00 0.00 1.14 8.33 38.89 0.91 9.24 50.79 50.23 48.91 54.11 58.92 62.08 65.42 66.69 65.11 43.18 62.55 64.08 62.53 0.00 1.52 7.06 13.86 18.96 37.50 0.00 3.88 15.94 33.16 21.70 40.16 53.71 60.25 65.36 65.66 70.08 0.00 0.00 74.04 43.82 86.22 38.54 17.88 20.46 62.94 52.78 74.46 0.00 0.00 0.00 0.00 0.00 0.00 0.00 0.00 0.00 0.00 0.00 0.00
18.32 21.99 25.86 28.21 27.92 28.07 28.80 27.85 26.72 26.36 21.26 15.48 23.76 18.05 18.11 18.34 8.67 5.77 0.00 0.00 0.00 0.00 0.00 0.00 0.00 0.00 0.00 2.40 3.09 1.51 6.34 0.00 30.58 45.95 52.26 54.23 58.18 64.98 67.40 65.75 64.87 60.69 56.68 64.21 62.09 64.74 59.79 60.51 56.31 50.00 58.76 54.33 52.00 59.84 61.19 72.06 63.47 71.86 72.65 77.01 57.76 0.00 63.21 68.72 70.49 78.11 49.34 19.39 16.67 71.07 62.88 54.85 0.00 0.00 0.00 0.00 0.00 0.00 0.00 0.00 0.00 0.00 0.00 0.00
16.32 18.46 21.69 25.68 28.63 24.57 21.51 19.41 23.16 26.87 17.80 13.82 22.10 15.90 19.70 8.09 5.04 0.00 0.00 0.00 0.00 0.00 0.00 0.00 0.00 0.00 0.00 0.00 1.74 1.89 0.00 0.00 0.00 0.00 36.08 52.94 50.48 59.55 65.14 64.41 63.65 59.12 59.32 63.66 63.92 64.32 65.52 65.55 67.37 65.99 64.59 64.28 64.84 72.47 70.92 68.74 75.10 78.84 87.47 79.73 85.35 77.72 83.70 42.93 65.44 60.66 11.27 20.75 19.86 52.32 75.33 39.31 0.00 0.00 0.00 0.00 0.00 0.00 0.00 0.00 0.00 0.00 0.00 0.00
18.29 18.38 19.38 22.94 23.37 19.97 20.30 20.41 22.66 22.42 13.78 15.17 15.49 10.41 5.47 3.87 6.58 0.00 0.00 0.00 0.00 0.00 0.00 0.00 0.00 0.00 0.00 0.00 0.00 0.00 0.00 0.00 0.00 0.00 0.00 23.54 34.46 0.00 5.97 45.31 60.06 59.78 58.49 61.60 61.61 62.81 65.47 68.61 69.68 67.02 62.43 65.27 71.02 72.84 66.27 64.36 68.93 77.72 86.56 87.20 85.77 80.39 74.25 83.85 12.51 20.33 14.97 19.89 20.01 17.82 80.40 26.73 0.00 0.00 0.00 0.00 0.00 0.00 0.00 0.00 0.00 0.00 0.00 0.00
24.95 20.76 20.24 21.07 18.52 19.52 19.42 20.76 21.56 19.58 9.97 11.39 6.05 3.36 5.12 6.27 0.00 0.00 0.00 0.00 0.00 0.00 0.00 0.00 0.00 0.00 0.00 0.00 0.00 0.00 0.00 0.00 0.00 0.00 0.00 0.00 0.00 0.00 2.37 11.26 24.36 53.16 56.54 60.45 61.27 62.75 66.31 68.93 67.63 64.41 61.43 61.03 65.47 0.00 12.08 34.35 51.05 71.72 77.22 78.90 81.67 82.01 76.27 61.53 20.80 20.46 0.00 18.97 19.92 29.01 76.58 0.00 0.00 0.00 0.00 0.00 0.00 0.00 0.00 0.00 0.00 0.00 0.00 0.00
25.10 30.35 21.79 16.94 17.56 19.43 21.71 20.71 19.66 13.45 12.11 6.33 4.72 6.81 5.27 0.00 0.00 0.00 0.00 0.00 0.00 0.00 0.00 0.00 0.00 0.00 0.00 0.00 0.00 0.00 0.00 0.00 0.00 0.00 0.00 0.00 0.00 0.00 0.00 0.00 7.16 19.99 32.41 49.27 59.65 60.53 66.47 70.82 67.36 63.22 62.40 61.37 62.25 62.96 55.47 61.55 0.00 4.70 23.64 43.21 62.76 75.21 82.81 82.02 19.81 80.82 18.58 59.06 20.04 19.20 39.56 0.00 0.00 0.00 0.00 0.00 0.00 0.00 0.00 0.00 0.00 0.00 0.00 0.00
6.70 8.43 25.06 16.24 15.59 18.53 21.04 19.41 17.49 16.24 7.74 4.97 8.43 4.88 0.00 0.00 0.00 0.00 0.00 0.00 0.00 0.00 0.00 0.00 0.00 0.00 0.00 0.00 0.00 0.00 0.00 0.00 0.00 0.00 0.00 0.00 0.00 0.00 0.00 0.00 0.00 18.60 39.52 36.32 43.76 50.39 65.53 72.39 67.28 63.21 63.20 62.30 63.53 63.68 63.25 63.68 81.33 81.33 78.02 70.73 69.79 74.61 73.21 70.03 42.84 73.79 54.83 20.25 79.44 19.23 17.72 0.00 0.00 0.00 0.00 0.00 0.00 0.00 0.00 0.00 0.00 0.00 0.00 0.00
4.29 4.88 22.56 14.71 16.27 17.13 20.66 18.22 13.42 12.96 3.96 5.22 4.31 3.67 0.00 0.00 0.00 0.00 0.00 0.00 0.00 0.00 0.00 0.00 0.00 0.00 0.00 0.00 0.00 0.00 0.00 0.00 0.00 0.00 0.00 0.00 0.00 0.00 0.00 0.00 0.00 4.50 2.44 0.00 13.16 30.61 34.44 63.54 49.18 58.33 63.96 62.93 63.26 62.89 61.26 65.52 81.81 85.81 87.55 84.67 82.79 84.45 84.26 84.28 9.66 80.86 18.12 80.16 78.77 32.65 15.66 0.00 0.00 0.00 0.00 0.00 0.00 0.00 0.00 0.00 0.00 0.00 0.00 0.00
1.36 15.58 7.52 4.09 6.80 18.28 20.61 16.27 10.26 7.54 4.66 4.14 4.31 0.00 0.00 0.00 0.00 0.00 0.00 0.00 0.00 0.00 0.00 0.00 0.00 0.00 0.00 0.00 0.00 0.00 0.00 0.00 0.00 0.00 0.00 0.00 0.00 0.00 0.00 0.00 0.00 0.00 0.00 0.00 0.00 3.38 0.00 0.00 0.73 0.51 0.94 39.58 56.19 58.29 66.31 77.31 84.16 83.32 83.77 0.00 4.77 27.79 27.18 3.32 1.66 80.22 82.14 78.62 66.39 16.81 0.00 0.00 0.00 0.00 0.00 0.00 0.00 0.00 0.00 0.00 0.00 0.00 0.00 0.00
