Instances/Dogrib/Evolution/dogrib_ros_7hr_north.asc
ncols        357
nrows        223
xllcorner    457900.000000000000
yllcorner    5716800.000000000000
cellsize     100.000000000000
NODATA_value -9999
[rows 74 to 110 of 223, columns 83 to 165 of 357]
0.00 0.00 0.00 0.00 51.52 48.49 68.67 52.22 75.24 0.00 0.00 0.00 73.28 59.93 23.41 20.89 50.19 75.18 67.31 39.30 29.22 11.40 0.00 0.00 0.00 0.00 0.00 0.00 0.00 0.00 0.00 0.00 0.00 0.00 0.00 0.00 0.00 0.00 0.00 0.00 0.00 0.00 0.00 29.65 51.70 56.87 72.50 77.40 75.04 76.29 74.03 72.00 80.34 78.19 67.25 69.48 76.30 73.29 69.35 75.09 45.01 56.58 35.17 0.00 0.00 0.00 0.00 0.00 0.00 78.01 57.42 49.51 59.68 38.31 57.20 35.41 65.39 76.75 71.03 53.87 11.28 51.33 40.14
0.00 0.00 0.00 0.00 50.89 39.85 64.10 31.95 60.74 65.99 0.00 82.47 75.03 45.70 23.14 21.93 50.04 53.17 33.37 24.56 9.38 0.00 0.00 0.00 0.00 0.00 0.00 0.00 0.00 0.00 0.00 0.00 0.00 0.00 0.00 0.00 0.00 0.00 0.00 0.00 0.00 0.00 0.00 0.00 55.60 48.41 70.11 78.34 75.23 76.10 75.21 62.06 76.87 75.12 65.65 71.17 74.57 45.13 57.94 69.87 35.88 57.18 5.15 0.00 0.00 0.00 0.00 0.00 0.00 72.12 65.05 67.32 63.18 64.61 41.61 36.82 60.98 66.31 72.26 78.60 15.38 33.22 45.31
0.00 23.90 64.16 74.15 50.86 61.25 72.20 37.22 73.76 60.00 72.00 83.73 82.49 34.69 25.86 15.24 61.66 47.92 6.14 0.00 0.00 0.00 0.00 0.00 0.00 0.00 0.00 0.00 0.00 0.00 0.00 0.00 0.00 0.00 0.00 0.00 0.00 0.00 0.00 0.00 0.00 0.00 0.00 48.00 65.32 53.03 70.72 78.04 77.76 76.63 75.56 76.28 77.65 76.85 67.00 64.94 69.09 64.64 50.14 57.59 66.15 50.97 0.00 0.00 0.00 0.00 0.00 0.00 68.64 59.01 61.60 68.46 70.45 47.82 36.41 40.42 67.54 78.85 67.04 78.81 16.62 59.96 38.48
0.00 15.58 54.12 72.49 49.00 46.36 55.76 63.97 73.02 47.54 85.85 84.40 83.50 28.20 7.70 16.64 69.48 6.87 0.00 0.00 0.00 0.00 0.00 0.00 0.00 0.00 0.00 0.00 0.00 0.00 0.00 0.00 0.00 0.00 0.00 0.00 0.00 0.00 0.00 0.00 0.00 0.00 0.00 69.81 50.35 61.24 69.82 76.40 72.96 76.83 74.03 76.22 78.64 79.66 65.81 67.58 68.07 60.09 54.86 52.02 68.58 48.27 0.00 0.00 0.00 0.00 0.00 0.00 72.75 55.18 68.42 84.24 62.45 31.99 20.98 43.81 70.28 82.96 68.57 67.26 19.71 59.40 45.08
0.00 6.72 60.99 68.68 59.30 18.33 66.28 65.96 60.62 65.94 85.63 82.45 80.41 3.31 0.97 22.55 10.06 0.00 0.00 0.00 0.00 0.00 0.00 0.00 0.00 0.00 0.00 0.00 0.00 0.00 0.00 0.00 0.00 0.00 0.00 0.00 0.00 0.00 0.00 0.00 0.00 0.00 0.00 32.38 55.18 55.69 73.03 78.91 75.66 75.28 72.53 73.82 80.27 79.35 68.21 71.89 68.25 57.24 72.40 44.01 60.98 43.58 63.64 0.00 0.00 0.00 0.00 34.72 82.78 57.75 76.61 60.64 53.68 58.98 26.39 12.59 69.63 55.21 67.63 77.89 44.23 60.13 31.63
0.00 32.78 39.46 69.94 19.20 16.64 18.87 49.86 74.61 81.76 83.14 86.02 84.72 0.00 0.00 39.87 0.00 0.00 0.00 0.00 0.00 0.00 0.00 0.00 0.00 0.00 0.00 0.00 0.00 0.00 0.00 0.00 0.00 0.00 0.00 0.00 0.00 0.00 0.00 0.00 0.00 0.00 0.00 2.08 67.09 59.51 76.51 82.49 76.69 72.89 72.05 72.39 79.23 78.96 67.50 72.91 69.75 45.29 68.80 40.16 56.49 37.25 49.31 0.00 0.00 0.00 0.00 53.87 80.35 56.85 77.43 80.08 33.70 19.34 12.38 52.25 55.21 57.78 66.28 75.98 19.83 19.37 16.48
0.00 41.01 58.32 15.27 19.88 66.00 18.45 68.19 86.49 58.83 85.32 82.41 65.42 44.33 56.97 49.46 51.04 17.98 0.00 0.00 0.00 0.00 0.00 0.00 0.00 0.00 0.00 0.00 0.00 0.00 0.00 0.00 0.00 0.00 0.00 0.00 0.00 0.00 0.00 0.00 0.00 0.00 0.00 0.00 41.54 57.19 66.58 75.96 71.83 59.91 75.32 77.03 77.96 71.79 69.22 74.29 63.45 40.80 63.59 70.17 46.11 23.75 49.48 0.00 0.00 0.00 0.00 53.60 80.73 53.98 76.24 81.87 18.56 18.68 18.32 58.80 73.84 70.53 71.25 77.33 76.38 80.10 15.45
0.00 37.20 32.77 53.27 19.91 17.59 67.28 22.43 81.40 77.19 87.16 75.18 54.31 30.50 43.94 59.08 0.00 0.00 0.00 0.00 0.00 0.00 0.00 0.00 0.00 0.00 0.00 0.00 0.00 0.00 0.00 0.00 0.00 0.00 0.00 0.00 0.00 0.00 0.00 0.00 0.00 0.00 0.00 33.13 40.09 50.50 64.66 74.58 70.22 52.83 70.17 74.40 74.61 71.05 69.04 78.98 61.05 62.87 55.54 72.08 54.16 74.56 0.00 0.00 0.00 59.32 0.00 54.40 71.04 52.90 70.89 84.20 15.65 11.53 10.41 68.56 72.17 64.17 62.59 78.82 81.63 56.63 18.59
0.00 46.82 29.46 60.65 19.86 61.50 57.35 62.13 66.24 85.74 78.40 35.97 51.52 44.03 44.50 0.00 0.00 0.00 0.00 0.00 0.00 0.00 0.00 0.00 0.00 0.00 0.00 0.00 0.00 0.00 0.00 0.00 0.00 0.00 0.00 0.00 0.00 0.00 0.00 0.00 0.00 0.00 0.00 35.17 59.61 44.63 70.62 82.47 74.88 72.44 72.29 74.02 73.88 70.52 71.39 77.17 57.12 71.34 48.11 75.05 24.55 54.59 0.00 0.00 0.00 71.34 0.00 57.97 67.54 53.90 68.59 76.06 46.71 64.51 5.74 17.85 67.81 45.71 57.05 74.43 78.98 45.21 51.62
0.00 42.51 33.44 54.52 21.00 40.57 47.02 74.78 75.84 73.45 57.73 77.71 59.10 67.89 18.27 6.08 0.00 0.00 0.00 0.00 0.00 0.00 0.00 0.00 0.00 0.00 0.00 0.00 0.00 0.00 0.00 0.00 0.00 0.00 0.00 0.00 0.00 0.00 0.00 0.00 0.00 0.00 0.00 0.00 36.80 39.49 71.60 86.59 70.54 68.36 72.66 80.94 81.63 68.68 69.02 68.88 48.28 70.50 22.42 58.78 2.46 43.35 0.00 0.00 0.00 79.43 31.81 53.04 80.65 46.22 59.05 72.14 34.87 16.92 0.00 18.67 19.42 18.55 19.10 67.23 65.93 14.84 52.27
0.00 17.83 17.83 17.16 63.52 34.64 48.41 68.07 64.53 31.31 70.04 80.92 78.80 22.06 5.38 0.00 0.00 0.00 0.00 0.00 0.00 0.00 0.00 0.00 0.00 0.00 0.00 0.00 0.00 0.00 0.00 0.00 0.00 0.00 0.00 0.00 0.00 0.00 0.00 0.00 0.00 0.00 0.00 0.00 53.00 46.40 70.36 85.71 72.02 75.05 79.57 76.42 84.42 63.88 69.57 70.95 25.15 69.65 2.00 43.73 0.00 39.88 0.00 0.00 0.00 76.37 40.24 51.85 84.39 55.14 73.01 60.33 17.86 8.62 0.00 64.24 69.69 70.90 72.73 67.16 49.85 73.38 51.28
0.00 68.62 48.23 64.64 64.12 48.74 72.24 63.46 41.66 44.08 69.35 76.41 57.03 5.91 2.89 0.00 0.00 0.00 0.00 0.00 0.00 0.00 0.00 0.00 0.00 0.00 0.00 0.00 0.00 0.00 0.00 0.00 0.00 0.00 0.00 0.00 0.00 0.00 0.00 0.00 0.00 0.00 0.00 0.00 35.90 59.96 60.07 78.03 74.70 72.40 84.53 84.27 76.75 61.15 71.97 70.61 7.35 64.84 0.00 36.17 47.42 30.30 0.00 0.00 48.01 64.00 48.62 65.37 82.10 63.96 73.32 23.46 65.41 4.81 0.00 68.42 72.42 70.33 75.43 70.30 56.25 70.24 70.19
13.90 45.57 48.01 71.02 50.76 75.11 46.75 42.62 71.41 75.73 71.07 53.76 7.39 1.74 0.00 0.00 0.00 0.00 0.00 0.00 0.00 0.00 0.00 0.00 0.00 0.00 0.00 0.00 0.00 0.00 0.00 0.00 0.00 0.00 0.00 0.00 0.00 0.00 0.00 0.00 0.00 0.00 0.00 25.08 25.58 49.55 56.62 82.82 74.62 69.32 72.92 54.28 77.12 54.73 78.59 68.14 0.00 65.56 57.17 39.44 47.90 20.45 0.00 0.00 54.02 59.88 39.79 49.01 59.05 16.72 67.20 2.82 64.93 0.00 0.00 71.97 68.36 63.81 66.73 67.62 43.38 72.20 68.17
15.59 19.36 17.08 20.85 74.27 52.86 36.66 62.24 76.93 78.73 58.51 43.89 0.00 0.00 0.00 0.00 0.00 0.00 0.00 0.00 0.00 0.00 0.00 0.00 0.00 0.00 0.00 0.00 0.00 0.00 0.00 0.00 0.00 0.00 0.00 0.00 0.00 0.00 0.00 0.00 0.00 0.00 0.00 21.18 40.82 28.81 51.01 87.03 80.33 69.24 68.52 74.03 81.91 80.24 84.43 61.42 61.91 65.21 44.04 33.97 40.33 0.00 0.00 0.00 57.09 61.59 31.01 40.56 44.69 61.22 65.95 0.00 73.03 72.06 67.59 68.27 66.32 50.53 59.19 61.79 59.09 68.79 59.82
20.00 19.54 17.83 25.79 76.31 39.37 43.22 65.65 67.12 53.39 31.09 48.38 0.00 0.00 0.00 0.00 0.00 0.00 0.00 0.00 0.00 0.00 0.00 0.00 0.00 0.00 0.00 0.00 0.00 0.00 0.00 0.00 0.00 0.00 0.00 0.00 0.00 0.00 0.00 0.00 0.00 0.00 0.00 27.07 41.91 36.57 44.74 85.91 20.89 76.01 78.09 88.34 78.85 64.75 81.89 55.10 63.02 65.75 42.97 38.07 31.75 0.00 0.00 0.00 58.09 47.57 20.49 66.82 13.34 65.43 67.18 65.88 63.88 58.64 53.86 51.65 49.20 57.77 49.49 42.11 55.06 59.11 67.81
14.02 14.37 16.80 79.35 72.71 26.30 51.28 49.93 73.43 75.79 76.48 79.60 75.36 0.00 0.00 0.00 0.00 0.00 0.00 0.00 0.00 0.00 0.00 0.00 0.00 0.00 0.00 0.00 0.00 0.00 0.00 0.00 0.00 0.00 0.00 0.00 0.00 0.00 0.00 0.00 0.00 0.00 0.00 21.90 31.90 29.05 45.22 82.17 25.04 19.68 21.10 86.61 67.43 60.54 80.84 75.02 63.99 57.41 41.36 52.59 33.93 0.00 0.00 0.00 50.41 39.42 14.12 18.30 0.00 60.21 66.65 59.36 54.62 46.99 44.12 43.93 46.77 65.89 50.13 35.40 47.43 55.52 60.33
13.11 15.33 61.62 78.04 80.68 38.66 56.93 77.08 81.84 84.18 88.21 67.21 61.78 68.08 0.00 0.00 0.00 0.00 0.00 0.00 76.22 0.00 0.00 0.00 0.00 0.00 0.00 0.00 0.00 0.00 0.00 0.00 0.00 0.00 0.00 0.00 0.00 0.00 0.00 0.00 0.00 0.00 0.00 27.15 22.84 14.81 55.14 75.71 77.78 71.93 88.85 78.21 51.14 43.65 78.31 86.39 65.43 48.65 33.34 45.24 21.31 0.00 0.00 0.00 58.08 17.96 0.00 55.87 0.00 49.14 60.75 55.77 52.33 55.00 52.31 52.39 50.74 55.59 69.15 49.16 63.31 60.60 64.23
13.48 14.44 20.28 74.31 51.12 47.55 67.27 73.85 81.31 86.75 87.79 79.34 71.12 86.07 17.74 3.87 0.00 0.00 0.00 31.37 73.74 58.12 0.00 0.00 0.00 0.00 0.00 0.00 0.00 0.00 0.00 0.00 0.00 0.00 0.00 0.00 0.00 0.00 0.00 0.00 0.00 0.00 0.00 32.55 42.88 38.26 66.88 79.38 52.04 48.07 87.05 80.90 19.90 28.65 63.65 81.75 75.18 53.32 29.14 27.19 0.00 0.00 0.00 0.00 50.13 0.00 0.00 62.48 61.31 61.56 47.76 56.27 64.67 66.64 60.18 42.48 38.42 49.75 67.95 56.07 70.14 55.35 61.32
11.78 43.88 74.20 78.83 30.18 52.95 62.57 72.55 75.26 80.02 74.81 69.71 79.03 59.53 0.00 0.00 0.00 42.56 19.64 40.02 71.79 12.73 0.00 0.00 0.00 0.00 0.00 0.00 0.00 0.00 0.00 0.00 0.00 0.00 0.00 0.00 0.00 0.00 0.00 0.00 0.00 0.00 0.00 21.83 38.04 51.51 35.14 71.65 54.38 70.00 83.74 78.66 75.03 71.67 33.32 72.91 73.95 52.46 43.84 19.12 0.00 0.00 0.00 49.78 54.31 0.00 0.00 59.81 54.42 55.99 52.72 54.86 67.85 68.71 66.88 57.76 35.90 43.35 50.14 72.65 70.58 65.37 68.47
8.81 44.55 74.98 77.92 29.64 61.84 75.13 81.27 82.48 83.30 81.24 84.57 76.95 46.42 0.00 83.14 67.54 26.32 38.48 61.81 68.78 0.00 55.52 0.00 0.00 0.00 0.00 0.00 0.00 0.00 0.00 0.00 0.00 0.00 0.00 0.00 0.00 0.00 0.00 0.00 0.00 0.00 0.00 20.42 33.87 66.19 21.52 71.07 51.90 75.00 80.70 80.93 59.79 20.47 57.57 57.84 55.33 39.64 59.21 12.64 0.00 0.00 0.00 57.92 54.95 65.72 67.55 54.97 59.96 46.63 57.55 59.27 67.16 68.88 75.98 71.59 66.95 42.78 53.71 66.03 63.30 66.52 65.60
8.74 39.58 56.71 71.91 38.63 59.27 76.95 85.56 86.65 67.86 67.51 81.85 62.86 56.01 0.00 78.64 42.80 37.46 31.72 60.93 66.40 53.09 0.00 0.00 0.00 0.00 0.00 0.00 0.00 0.00 0.00 0.00 0.00 0.00 0.00 0.00 0.00 0.00 0.00 0.00 0.00 0.00 0.00 20.42 32.35 77.32 26.15 68.06 50.81 53.61 75.24 77.15 50.15 58.96 20.42 18.38 58.71 25.76 51.70 0.00 0.00 0.00 0.00 52.29 54.66 63.16 63.54 53.53 53.46 46.53 67.64 66.05 70.85 63.66 68.18 70.12 69.30 42.58 27.68 55.24 65.69 78.52 63.71
11.58 40.58 52.67 68.45 37.40 56.62 80.97 85.32 88.12 66.20 82.09 66.16 70.31 40.43 73.08 60.86 45.09 41.17 26.05 76.22 57.80 69.18 0.00 0.00 0.00 0.00 0.00 0.00 0.00 0.00 0.00 0.00 0.00 0.00 0.00 0.00 0.00 0.00 0.00 0.00 0.00 0.00 0.00 20.84 32.31 62.23 14.26 48.94 52.06 52.09 58.01 85.52 27.93 17.74 18.19 60.82 55.30 26.95 11.57 0.00 0.00 0.00 0.00 42.79 46.42 62.12 47.36 51.77 49.49 53.18 68.35 77.94 78.19 68.37 56.95 66.64 74.62 39.16 30.19 37.09 62.62 80.68 67.58
24.91 37.67 37.93 70.87 37.71 59.62 81.19 85.43 83.38 65.05 69.31 75.44 59.19 32.25 72.63 54.01 41.98 30.18 26.22 66.39 48.97 59.84 62.14 62.45 0.00 0.00 0.00 0.00 0.00 0.00 0.00 0.00 0.00 0.00 0.00 0.00 0.00 0.00 0.00 0.00 0.00 0.00 0.00 16.76 32.74 56.19 14.67 74.53 52.92 52.71 23.63 52.19 20.33 70.15 65.21 51.29 44.08 18.11 12.85 0.00 0.00 0.00 0.00 40.41 55.90 45.04 45.61 52.75 55.78 58.89 66.67 74.98 85.79 85.48 59.79 59.02 74.94 57.79 45.23 67.43 52.69 78.80 75.40
32.10 35.05 35.57 76.43 42.77 68.55 83.22 85.92 85.03 72.38 73.46 83.60 66.63 58.69 56.64 51.80 59.41 53.36 35.34 51.20 58.43 47.83 0.00 0.00 0.00 0.00 0.00 0.00 0.00 0.00 0.00 0.00 0.00 0.00 0.00 0.00 0.00 0.00 0.00 0.00 0.00 0.00 26.48 46.67 25.39 26.17 4.82 49.49 52.21 52.75 4.38 53.97 19.90 76.59 62.95 56.27 31.37 69.41 0.00 0.00 0.00 0.00 36.22 45.15 56.68 53.20 51.63 49.85 49.00 65.04 62.07 72.11 84.60 78.52 76.89 68.87 70.11 69.58 15.10 50.80 55.78 71.01 73.09
31.25 37.52 34.29 57.07 46.89 73.68 83.48 90.70 83.36 72.73 66.74 67.41 70.79 78.85 55.29 53.57 24.02 24.03 54.35 50.16 21.58 0.00 0.00 0.00 0.00 0.00 0.00 0.00 0.00 0.00 0.00 0.00 0.00 0.00 0.00 0.00 0.00 0.00 0.00 0.00 0.00 0.00 22.33 47.74 31.57 3.72 1.01 47.21 80.99 83.43 0.00 79.93 79.38 71.27 58.42 50.65 6.79 51.41 46.99 50.30 27.68 0.00 34.98 42.36 59.62 63.65 52.28 50.90 49.01 66.82 66.97 68.30 79.59 81.69 82.37 82.57 81.70 74.95 38.56 59.80 54.65 65.30 59.83
23.63 30.50 51.01 37.01 45.86 73.15 80.24 86.45 81.20 83.09 66.41 60.29 43.65 42.61 48.37 56.11 31.59 24.76 41.01 38.35 21.97 0.00 0.00 0.00 0.00 0.00 0.00 0.00 0.00 0.00 0.00 0.00 0.00 0.00 0.00 0.00 0.00 0.00 0.00 0.00 0.00 0.00 8.41 14.92 41.63 0.00 0.00 67.06 76.61 75.02 79.84 75.79 72.44 71.49 53.23 45.37 0.00 52.61 38.50 32.04 22.67 0.00 41.48 44.58 50.65 50.85 50.05 42.00 52.95 70.73 74.16 72.25 72.87 75.60 83.14 82.58 80.56 80.27 25.38 66.20 51.76 64.68 74.33
24.72 28.18 33.48 38.59 51.57 76.52 83.06 85.04 83.06 81.73 67.40 48.56 61.57 71.42 67.73 21.61 11.30 22.16 45.26 0.00 0.00 0.00 0.00 0.00 0.00 0.00 0.00 0.00 0.00 0.00 0.00 0.00 0.00 0.00 0.00 0.00 0.00 0.00 0.00 0.00 0.00 0.00 18.04 22.59 39.64 44.74 63.51 65.22 73.59 68.97 71.03 67.87 69.89 64.00 48.85 34.98 43.77 49.91 35.32 23.45 0.00 47.58 48.55 44.38 50.86 51.94 57.21 45.34 51.89 67.63 76.73 70.34 62.53 72.09 81.46 80.32 80.24 84.45 26.24 41.72 47.61 64.64 70.92
23.70 23.89 30.41 45.71 40.93 61.24 90.47 62.85 62.68 74.21 75.94 57.53 66.79 46.72 64.21 2.11 26.12 14.38 0.00 0.00 0.00 0.00 0.00 0.00 0.00 0.00 0.00 0.00 0.00 0.00 0.00 0.00 0.00 0.00 0.00 0.00 0.00 0.00 0.00 0.00 0.00 0.00 13.06 18.29 35.17 37.81 65.30 61.69 52.53 69.69 70.70 68.30 65.16 55.98 40.91 41.19 42.08 37.16 22.50 28.03 0.00 50.66 50.74 48.65 55.16 57.08 52.62 54.75 54.00 66.42 77.06 66.86 54.39 74.64 80.32 80.09 79.01 82.18 71.05 70.34 52.14 74.45 71.60
21.44 20.84 40.67 46.04 61.71 63.72 80.77 57.45 61.69 69.96 74.31 43.96 65.93 68.87 43.81 56.32 17.52 0.00 0.00 0.00 0.00 0.00 0.00 0.00 0.00 0.00 0.00 0.00 0.00 0.00 0.00 0.00 0.00 0.00 0.00 0.00 0.00 0.00 0.00 0.00 0.00 0.00 11.08 20.35 41.34 37.65 49.77 67.18 66.48 70.90 69.42 70.76 62.04 52.69 33.12 29.07 46.87 37.90 27.16 0.00 59.61 48.95 51.72 49.15 59.20 40.99 65.69 64.62 55.76 64.48 79.37 72.66 71.41 78.18 80.15 80.17 74.44 78.55 62.55 71.52 57.79 73.93 71.07
19.22 19.56 49.40 59.51 63.53 77.98 80.20 73.54 81.64 81.63 64.79 59.11 48.01 28.63 45.71 37.76 8.52 0.00 0.00 0.00 0.00 0.00 0.00 0.00 0.00 0.00 0.00 0.00 0.00 0.00 0.00 0.00 0.00 0.00 0.00 0.00 0.00 0.00 0.00 0.00 0.00 0.00 9.72 16.76 33.30 35.76 45.38 65.40 70.61 76.84 74.01 70.90 67.14 45.45 35.96 32.09 38.57 22.12 21.39 43.89 50.98 50.94 49.37 55.64 59.78 45.83 53.14 71.00 55.53 58.08 69.10 69.42 71.17 78.85 80.23 80.07 73.38 80.91 72.23 69.50 65.16 42.51 64.14
14.57 16.21 47.95 48.91 62.59 75.33 76.27 68.11 75.89 71.90 52.11 70.03 55.47 29.44 37.84 22.76 0.00 0.00 0.00 0.00 0.00 0.00 0.00 0.00 0.00 0.00 0.00 0.00 0.00 0.00 0.00 0.00 0.00 0.00 0.00 0.00 0.00 0.00 0.00 0.00 0.00 0.00 7.27 14.71 28.08 34.70 48.45 74.92 77.05 77.31 71.21 68.96 54.73 37.79 35.31 44.80 32.89 20.52 0.00 60.76 48.62 44.05 50.10 47.47 61.10 52.21 54.42 72.72 63.52 70.54 73.96 64.77 73.57 79.08 81.21 83.61 71.61 70.23 74.67 72.21 50.32 45.48 52.37
16.81 13.53 44.82 45.82 66.12 74.76 81.59 75.23 69.50 67.62 33.30 61.86 44.23 62.67 32.30 5.33 0.00 0.00 0.00 0.00 0.00 0.00 0.00 0.00 0.00 0.00 0.00 0.00 0.00 0.00 0.00 0.00 0.00 0.00 0.00 0.00 0.00 0.00 0.00 0.00 0.00 0.00 5.61 12.05 25.12 33.46 48.29 75.78 78.49 75.68 68.72 63.14 44.59 40.83 43.31 45.79 34.37 27.24 58.22 58.81 41.45 46.22 41.09 55.87 53.72 47.88 55.86 67.71 75.41 77.41 76.22 60.57 74.49 84.05 83.81 75.44 63.75 68.41 78.03 75.43 85.69 63.93 50.72
20.19 29.84 37.82 44.02 61.75 81.01 75.43 81.93 69.52 53.07 55.95 51.10 45.77 59.24 33.40 0.00 0.00 0.00 0.00 0.00 0.00 0.00 0.00 0.00 0.00 0.00 0.00 0.00 0.00 0.00 0.00 0.00 0.00 0.00 0.00 0.00 0.00 0.00 0.00 0.00 0.00 0.00 0.00 10.78 25.86 34.57 49.18 76.12 80.46 74.28 67.62 56.69 38.16 44.60 37.24 35.41 33.71 32.10 59.15 56.78 35.42 42.17 49.30 56.23 54.45 52.01 61.12 48.48 76.21 79.04 74.37 58.41 76.19 84.09 85.02 78.46 72.67 55.82 76.55 73.24 79.23 75.61 51.68
23.59 33.72 41.13 47.86 53.08 70.49 64.23 73.80 58.66 44.61 60.86 44.75 39.77 38.92 30.30 0.00 0.00 0.00 0.00 0.00 0.00 0.00 0.00 0.00 0.00 0.00 0.00 0.00 0.00 0.00 0.00 0.00 0.00 0.00 0.00 0.00 0.00 0.00 0.00 0.00 0.00 0.00 0.00 7.24 26.06 28.63 46.63 71.38 77.69 70.85 66.73 45.62 41.26 32.86 54.10 29.95 28.63 30.06 62.32 41.72 38.65 38.40 42.30 52.63 58.82 56.06 70.22 70.34 76.33 78.90 73.01 58.19 77.75 84.44 85.26 70.29 84.13 73.74 74.62 65.60 79.86 74.23 63.63
24.19 64.94 40.32 35.05 53.79 49.61 41.57 52.48 57.84 40.09 48.54 34.55 48.11 27.35 17.47 32.08 37.42 0.00 0.00 0.00 0.00 0.00 0.00 0.00 0.00 0.00 0.00 0.00 0.00 0.00 0.00 0.00 0.00 0.00 0.00 0.00 0.00 0.00 0.00 0.00 0.00 0.00 0.00 4.49 20.59 22.32 46.56 60.95 73.40 67.13 60.96 35.56 33.75 40.61 39.23 26.66 36.04 54.40 61.65 33.98 40.07 43.45 52.39 54.18 63.63 74.03 76.79 72.17 76.17 78.00 66.77 58.46 76.93 80.73 79.73 45.99 79.20 78.01 72.81 73.22 78.80 85.10 80.73
18.93 42.69 49.75 58.36 48.49 55.38 41.45 41.28 36.75 26.02 34.12 29.43 31.01 18.17 10.71 20.11 14.95 0.00 0.00 0.00 0.00 0.00 0.00 0.00 0.00 0.00 0.00 0.00 0.00 0.00 0.00 0.00 0.00 0.00 0.00 0.00 0.00 0.00 0.00 0.00 0.00 0.00 0.00 0.00 12.05 24.40 50.52 68.54 75.42 66.67 57.47 44.82 29.06 47.07 30.08 21.91 32.15 60.94 69.94 49.30 43.38 45.78 57.75 56.64 62.25 63.88 77.83 71.13 76.81 77.28 61.37 60.86 78.82 79.83 76.78 51.66 73.55 78.51 69.57 77.69 84.76 71.89 87.33
20.57 28.28 49.05 49.07 55.38 55.30 55.92 35.24 20.96 32.65 24.30 33.41 25.84 13.21 8.84 11.42 0.00 0.00 0.00 0.00 0.00 0.00 0.00 0.00 0.00 0.00 0.00 0.00 0.00 0.00 0.00 0.00 0.00 0.00 0.00 0.00 0.00 0.00 0.00 0.00 0.00 0.00 0.00 0.00 2.77 24.99 35.66 72.22 76.53 60.30 38.86 34.83 46.07 44.01 30.56 25.18 31.16 64.34 67.16 53.14 48.20 44.03 51.93 61.66 71.98 75.95 79.28 73.92 78.25 79.16 59.22 63.48 78.68 79.78 47.55 63.43 74.82 77.70 74.44 80.33 83.86 72.32 89.55
