Instances/Dogrib/Evolution/dogrib_ros_7hr_north.asc
ncols        357
nrows        223
xllcorner    457900.000000000000
yllcorner    5716800.000000000000
cellsize     100.000000000000
NODATA_value -9999
[rows 111 to 147 of 223, columns 83 to 165 of 357]
20.72 22.15 40.99 43.31 70.19 53.49 59.87 41.74 28.41 24.95 16.85 24.44 15.40 15.22 5.97 0.00 13.88 12.77 0.00 0.00 0.00 0.00 0.00 0.00 0.00 0.00 0.00 0.00 0.00 0.00 0.00 0.00 0.00 0.00 0.00 0.00 0.00 0.00 0.00 0.00 0.00 0.00 0.00 0.00 0.00 17.02 50.06 80.87 78.87 48.91 43.80 36.60 40.83 35.43 33.58 32.64 51.07 63.95 67.15 55.73 49.55 42.49 54.57 64.28 77.29 67.03 79.61 80.75 83.10 78.58 53.32 61.94 83.04 84.02 7.41 64.73 73.90 75.28 74.94 79.30 81.51 76.25 80.93
23.30 27.45 63.89 32.47 79.66 43.17 56.62 33.45 59.17 25.68 30.02 11.39 6.69 8.39 0.00 32.13 34.59 20.54 12.95 0.00 0.00 0.00 0.00 0.00 0.00 0.00 0.00 0.00 0.00 0.00 0.00 0.00 0.00 0.00 0.00 0.00 0.00 0.00 0.00 0.00 0.00 0.00 0.00 0.00 0.00 25.64 46.35 80.29 67.92 31.99 40.88 53.09 49.77 38.24 25.98 28.58 63.50 64.62 70.41 58.28 48.24 49.10 56.55 69.03 79.79 77.70 77.52 82.73 85.29 78.78 41.37 62.98 83.60 82.16 0.00 77.46 78.82 74.50 77.07 77.51 76.37 81.26 89.89
19.49 22.26 65.60 43.26 84.45 61.05 77.09 17.10 35.13 43.51 20.06 8.38 5.94 0.00 31.17 64.16 74.65 65.14 25.94 15.67 0.00 0.00 0.00 0.00 0.00 0.00 0.00 0.00 0.00 0.00 0.00 0.00 0.00 0.00 0.00 0.00 0.00 0.00 0.00 0.00 0.00 0.00 0.00 0.00 0.00 20.90 35.31 64.01 56.85 38.67 32.25 48.68 50.62 23.60 35.66 22.91 62.51 70.47 65.93 60.39 49.63 51.17 63.96 65.50 69.70 78.09 78.10 82.18 84.58 75.10 47.82 67.24 82.78 82.14 0.00 73.88 84.09 73.33 82.87 70.51 75.09 80.92 86.03
16.98 24.39 71.59 58.11 66.97 68.68 78.93 23.65 13.25 31.55 12.76 5.50 0.00 0.00 33.22 74.61 75.27 39.27 13.02 0.00 43.67 0.00 0.00 0.00 0.00 0.00 0.00 0.00 0.00 0.00 0.00 0.00 0.00 0.00 0.00 0.00 0.00 0.00 0.00 0.00 0.00 0.00 0.00 0.00 0.00 14.06 29.02 62.16 44.60 44.62 49.26 51.18 39.80 25.68 21.23 20.72 63.58 69.44 64.84 59.22 50.41 54.50 62.57 67.30 70.32 72.34 62.62 82.87 83.75 68.27 46.96 64.38 77.23 76.19 71.78 71.24 82.31 71.58 79.84 77.50 75.15 80.07 86.68
15.71 31.04 2.85 68.46 48.51 67.06 45.27 45.25 30.86 9.54 21.70 7.09 0.00 0.00 41.67 70.51 44.62 16.66 22.20 80.76 0.00 0.00 0.00 0.00 0.00 0.00 0.00 0.00 0.00 0.00 0.00 0.00 0.00 0.00 0.00 0.00 0.00 0.00 0.00 0.00 0.00 0.00 0.00 0.00 0.00 6.88 14.76 63.25 56.68 50.34 56.69 47.70 31.68 18.40 20.91 34.40 61.28 69.25 59.23 54.91 49.98 48.01 63.38 67.23 75.83 71.64 55.18 82.14 83.19 62.26 33.34 68.33 79.33 82.16 75.08 81.38 85.31 71.33 89.06 72.71 87.72 88.56 74.43
13.41 30.64 0.00 75.93 43.04 49.74 24.07 29.34 33.26 24.78 8.81 0.00 0.00 27.57 43.04 57.91 14.82 0.00 76.06 71.56 53.58 0.00 0.00 0.00 0.00 0.00 0.00 0.00 0.00 0.00 0.00 0.00 0.00 0.00 0.00 0.00 0.00 0.00 0.00 0.00 0.00 0.00 0.00 0.00 0.00 3.26 7.49 54.67 68.35 53.21 45.53 45.73 30.73 23.68 22.41 45.88 62.01 70.41 60.41 52.60 46.15 45.29 58.98 25.19 72.55 74.79 75.16 76.59 77.91 54.10 20.91 67.57 82.58 78.13 74.54 73.52 74.79 69.14 89.10 83.91 90.67 89.56 77.59
8.61 23.51 69.09 49.19 65.70 60.18 53.20 23.58 11.51 13.86 10.03 0.00 0.00 30.16 53.64 59.73 20.18 63.83 77.10 52.42 9.10 0.00 0.00 0.00 0.00 0.00 0.00 0.00 0.00 0.00 0.00 0.00 0.00 0.00 0.00 0.00 0.00 0.00 0.00 0.00 0.00 0.00 0.00 0.00 0.00 0.00 3.13 46.11 67.31 33.37 34.78 33.24 18.47 24.17 27.60 48.08 61.65 71.70 65.81 53.75 47.69 44.85 54.27 61.81 62.10 70.43 72.40 81.24 70.53 45.75 15.09 69.93 79.38 77.44 68.74 75.75 71.58 79.38 87.02 82.93 91.65 88.73 73.49
6.97 21.60 59.06 4.51 73.28 42.95 40.23 23.21 10.34 8.12 0.00 0.00 0.00 33.00 80.05 37.56 30.15 74.86 55.51 34.44 0.00 0.00 0.00 0.00 0.00 0.00 0.00 0.00 0.00 0.00 0.00 0.00 0.00 0.00 0.00 0.00 0.00 0.00 0.00 0.00 0.00 0.00 0.00 55.05 0.00 0.00 0.00 51.62 62.25 30.13 33.38 32.22 27.37 22.91 23.99 46.50 61.21 76.17 48.99 60.62 53.71 50.02 61.84 68.09 63.03 73.85 70.58 80.26 67.88 49.13 7.83 82.82 79.23 74.17 65.12 74.08 68.13 76.03 85.13 85.33 91.79 88.00 70.96
5.37 17.83 62.74 0.00 52.98 37.20 19.62 15.79 10.73 8.19 0.00 0.00 0.00 32.49 75.07 27.42 33.31 63.21 72.67 21.42 0.00 0.00 0.00 0.00 0.00 0.00 0.00 0.00 0.00 0.00 0.00 0.00 0.00 0.00 0.00 0.00 0.00 0.00 0.00 0.00 0.00 0.00 0.00 55.73 0.00 79.72 29.61 48.26 56.41 37.76 39.39 29.72 14.48 20.52 32.44 49.04 61.79 72.68 39.08 49.92 56.98 51.93 66.76 74.26 74.13 77.85 75.14 81.10 58.23 9.93 4.09 66.33 82.99 74.41 67.09 73.13 68.53 74.33 73.41 88.03 92.38 85.98 75.77
2.10 11.43 65.94 66.39 40.10 31.15 14.95 8.22 6.34 0.00 0.00 0.00 0.00 31.39 65.70 0.00 47.56 38.09 41.04 0.00 0.00 0.00 0.00 0.00 0.00 0.00 0.00 0.00 0.00 0.00 0.00 48.65 0.00 0.00 0.00 0.00 0.00 0.00 0.00 0.00 0.00 0.00 0.00 54.06 0.00 61.15 56.59 36.27 66.93 37.86 44.58 25.55 26.42 25.84 42.21 50.66 63.81 72.44 47.18 58.09 57.76 55.08 64.92 69.74 77.20 78.60 74.83 78.70 40.60 0.00 0.00 74.98 75.73 74.13 70.68 69.88 70.70 72.59 72.16 89.37 91.72 79.60 72.00
0.00 3.29 71.78 56.85 31.08 17.81 9.61 6.07 0.00 0.00 0.00 0.00 0.00 33.86 6.52 0.00 60.56 50.68 15.75 0.00 0.00 0.00 0.00 0.00 0.00 0.00 0.00 0.00 0.00 0.00 0.00 46.31 0.00 0.00 0.00 0.00 0.00 0.00 0.00 0.00 0.00 0.00 0.00 48.89 1.56 11.23 48.39 42.30 58.65 48.71 34.51 14.30 15.77 16.73 45.45 46.37 61.75 73.35 48.87 41.35 55.89 59.06 75.16 63.40 67.51 75.26 74.76 77.89 26.66 0.00 83.02 82.20 74.88 68.12 78.88 74.27 72.99 70.88 68.77 77.47 90.31 61.72 84.67
0.00 0.00 74.70 41.00 24.34 9.84 6.70 4.62 0.00 0.00 0.00 0.00 0.00 43.06 0.00 0.00 14.04 51.88 5.62 0.00 0.00 0.00 0.00 0.00 0.00 0.00 0.00 0.00 0.00 0.00 0.00 51.40 0.00 0.00 0.00 0.00 0.00 0.00 0.00 0.00 0.00 0.00 0.00 30.65 0.00 0.00 63.01 43.26 48.40 40.03 32.80 38.45 20.41 14.99 44.43 52.78 61.05 73.93 43.43 47.11 56.63 52.21 65.26 74.39 73.94 74.56 74.47 63.57 11.91 70.95 75.52 75.08 73.55 65.49 75.11 65.29 74.42 70.36 72.53 79.03 86.03 48.71 80.06
0.00 1.94 79.64 39.55 13.62 5.69 3.58 0.00 0.00 0.00 0.00 0.00 0.00 45.89 53.18 74.97 0.00 11.84 0.00 0.00 0.00 0.00 0.00 0.00 0.00 0.00 0.00 0.00 0.00 0.00 0.00 57.70 0.00 0.00 0.00 0.00 0.00 0.00 0.00 0.00 0.00 0.00 0.00 6.21 0.00 87.97 65.68 44.93 42.52 36.93 14.09 32.59 13.55 21.72 49.53 42.96 67.41 71.64 40.95 41.48 54.05 52.99 60.66 70.60 71.30 82.90 80.84 54.18 0.51 69.98 82.55 82.91 72.61 59.70 80.50 63.51 73.51 68.50 72.14 75.99 73.77 29.22 85.05
0.00 0.00 61.82 23.86 6.48 3.32 0.00 0.00 0.00 0.00 0.00 0.00 0.00 43.85 41.72 80.21 64.54 0.00 0.00 0.00 40.71 20.88 0.00 0.00 0.00 0.00 0.00 0.00 0.00 0.00 0.00 59.22 13.41 56.20 0.00 0.00 0.00 0.00 0.00 0.00 0.00 0.00 0.00 0.00 28.35 82.82 66.38 42.55 36.85 35.58 15.22 17.53 12.62 29.51 47.75 51.96 66.31 73.48 45.00 46.50 64.74 57.91 62.78 71.30 70.49 74.66 80.17 5.87 0.00 74.05 75.85 82.89 71.36 56.42 70.96 66.27 79.28 70.68 73.52 75.11 59.06 49.91 85.98
75.01 0.00 19.34 4.91 1.64 0.00 0.00 0.00 0.00 0.00 0.00 0.00 0.00 50.46 56.56 75.18 35.83 27.57 37.88 38.58 43.59 19.08 29.90 8.78 0.00 0.00 0.00 0.00 0.00 0.00 0.00 60.69 0.00 8.74 0.00 0.00 0.00 0.00 0.00 0.00 0.00 0.00 0.00 0.00 9.31 81.09 57.35 39.17 45.67 38.81 16.15 11.04 10.20 31.91 49.26 47.02 65.68 69.47 45.00 43.90 53.81 55.64 64.44 72.50 72.97 75.27 77.17 0.00 78.88 80.75 76.88 81.70 68.02 77.76 74.53 68.54 76.58 68.74 79.82 73.98 6.18 72.12 87.91
28.52 38.48 22.52 0.00 0.00 0.00 0.00 0.00 0.00 0.00 0.00 0.00 0.00 43.63 68.35 56.80 31.02 10.48 33.21 42.73 56.55 20.59 26.96 0.00 24.27 1.82 0.00 0.00 0.00 1.98 0.00 37.39 17.25 0.00 0.00 0.00 0.00 0.00 0.00 0.00 0.00 0.00 0.00 0.00 3.34 46.79 68.87 44.44 33.36 22.15 18.03 10.59 9.50 25.21 49.66 52.00 71.83 62.41 43.10 33.36 55.47 53.29 64.29 72.46 73.91 72.15 78.12 0.00 76.12 74.56 74.35 78.06 61.06 77.45 66.75 76.44 71.41 69.12 81.69 80.50 0.00 75.90 85.89
23.41 12.76 4.77 0.00 0.00 0.00 0.00 0.00 0.00 0.00 0.00 0.00 0.00 78.64 71.96 39.81 14.90 10.05 37.21 50.96 24.56 37.68 35.85 62.94 0.00 0.00 0.00 0.00 1.39 0.00 0.00 15.97 50.34 0.00 0.00 0.00 0.00 0.00 0.00 0.00 0.00 0.00 0.00 0.00 0.00 6.93 51.81 30.77 22.93 19.55 10.26 7.22 14.05 35.63 53.70 52.26 70.68 45.82 39.26 39.56 48.83 57.58 65.79 73.71 74.28 71.36 80.06 78.97 74.98 78.70 80.35 73.57 50.61 79.89 61.46 78.40 69.87 68.41 81.73 81.04 0.00 74.02 83.63
10.97 7.36 1.95 0.00 0.00 0.00 0.00 0.00 0.00 0.00 0.00 40.68 0.00 58.09 71.34 17.39 6.43 13.26 24.38 55.46 12.40 33.77 46.79 72.31 52.76 0.00 0.00 0.00 0.00 35.44 51.77 3.65 80.66 76.90 36.60 0.00 0.00 0.00 0.00 68.43 0.00 0.00 0.00 0.00 0.00 0.00 62.76 27.40 19.80 16.85 7.39 7.06 23.06 29.79 49.35 50.44 71.69 60.34 43.74 44.59 39.78 56.45 67.82 66.55 79.28 73.52 78.29 78.70 73.92 78.72 78.54 76.25 44.26 78.37 57.01 76.09 69.48 75.36 81.20 74.39 73.71 71.99 81.65
26.32 0.00 0.00 0.00 0.00 0.00 0.00 0.00 0.00 0.00 0.00 30.16 0.00 43.31 38.73 5.46 5.38 10.57 23.35 48.29 23.35 43.40 45.22 55.35 59.67 14.21 2.56 0.00 0.00 16.71 37.38 5.61 81.54 53.40 12.14 2.76 0.00 0.00 0.00 51.21 0.00 0.00 0.00 1.69 0.00 68.16 50.89 26.25 14.40 9.37 6.03 9.37 41.54 32.01 49.88 51.90 73.83 63.94 46.42 43.56 48.27 56.71 69.33 68.89 73.93 70.92 78.24 73.47 73.54 78.63 78.35 71.47 62.30 76.58 49.14 79.46 69.91 77.97 82.16 73.42 73.22 59.66 75.89
39.72 23.85 13.37 19.09 0.00 0.00 0.00 0.00 0.00 0.00 0.00 33.00 52.06 46.14 5.36 0.00 0.00 7.47 38.23 26.90 17.01 59.18 33.05 56.49 64.26 0.00 0.00 0.00 0.00 12.70 38.58 8.64 81.27 7.40 0.00 0.00 0.00 0.00 78.60 13.89 63.01 0.00 0.00 0.00 90.01 70.95 44.09 24.25 9.30 5.82 4.08 12.03 48.32 31.47 48.86 53.89 74.03 60.98 43.04 42.60 49.52 60.22 66.58 67.79 72.37 74.65 78.81 76.45 76.77 78.47 74.80 55.57 60.63 73.72 65.53 76.44 71.54 78.03 82.77 73.35 72.09 71.80 75.98
47.33 35.03 9.97 13.23 0.00 0.00 0.00 0.00 0.00 0.00 30.72 31.99 38.60 42.91 0.00 0.00 0.00 4.48 33.15 33.32 21.34 21.47 52.75 57.91 73.37 66.34 0.00 0.00 0.00 10.18 45.47 5.89 80.63 0.00 0.00 0.00 14.82 0.00 79.77 0.00 66.03 76.63 0.00 0.00 30.67 26.09 21.87 8.47 5.05 3.23 5.57 20.28 38.10 31.04 47.22 54.49 68.51 61.86 45.83 44.51 63.19 57.90 66.72 63.52 73.46 74.08 80.19 74.22 80.56 79.59 80.12 39.94 71.82 61.74 70.18 74.31 67.41 78.39 74.90 73.30 71.78 71.40 65.15
61.85 55.74 34.48 12.16 17.49 0.00 0.00 0.00 0.00 0.00 25.81 27.26 36.45 40.12 59.72 80.61 0.00 0.94 40.94 36.35 15.39 38.91 60.17 55.49 66.41 72.39 0.00 0.00 0.00 5.18 42.89 6.35 81.47 0.00 0.00 66.31 0.00 0.00 79.93 0.00 77.30 80.65 64.49 68.72 36.26 23.01 11.70 3.81 2.29 2.52 10.38 23.78 36.23 33.53 49.43 58.94 67.84 69.64 45.14 42.76 53.71 57.37 72.02 67.71 71.31 75.41 81.67 73.16 81.95 82.27 72.53 24.55 74.08 26.50 73.00 71.88 67.40 85.19 74.35 72.67 69.71 70.03 66.95
76.60 72.97 63.31 38.80 20.25 34.13 0.00 0.00 0.00 0.00 23.36 22.71 37.68 40.27 49.59 79.52 0.00 0.00 48.47 58.97 18.94 30.56 57.20 60.31 63.88 26.32 7.72 0.00 0.00 2.21 46.39 5.16 82.98 61.79 52.60 70.33 73.60 73.56 77.80 80.90 81.77 90.00 82.54 73.32 25.12 21.89 2.28 18.67 3.74 3.58 17.94 29.75 40.75 41.43 48.77 59.49 68.51 56.80 43.13 39.01 61.27 64.19 68.80 73.84 79.30 80.00 83.35 78.81 82.76 75.67 57.62 7.97 77.03 5.03 77.94 69.76 65.27 86.30 74.38 72.70 69.50 66.07 57.24
67.27 71.24 78.03 65.99 24.25 11.58 3.00 0.00 0.00 0.00 0.00 23.15 33.25 40.68 52.30 79.35 0.00 0.00 54.81 69.03 17.01 37.08 60.83 63.98 67.93 0.00 0.00 0.00 0.00 0.00 50.55 27.36 83.02 51.25 73.26 74.03 73.10 62.61 80.40 81.08 84.18 66.25 72.04 76.09 63.33 9.37 2.89 3.99 2.38 2.76 21.63 31.32 44.03 41.34 52.67 54.26 37.31 60.07 42.62 40.66 39.87 63.71 71.05 79.49 78.09 73.57 74.25 60.73 78.30 79.00 28.78 4.90 71.15 0.00 70.68 63.76 65.57 74.60 73.34 72.44 70.33 68.68 39.99
71.81 77.27 79.28 77.66 62.81 24.28 13.12 3.10 0.00 0.00 0.00 19.78 23.07 38.46 55.81 74.67 40.11 0.00 13.74 87.06 13.39 37.62 63.80 66.60 76.60 70.49 68.78 71.12 0.00 0.00 69.51 6.78 47.43 58.92 72.11 67.11 76.59 74.83 68.33 74.87 74.15 71.49 69.96 74.37 40.90 14.14 11.64 1.11 1.98 1.97 24.43 29.89 40.73 41.57 49.25 59.33 65.34 57.93 43.36 36.65 48.06 61.81 75.42 71.37 70.06 76.57 71.16 63.72 73.82 74.62 5.29 1.13 65.33 0.00 75.45 73.61 66.49 74.96 72.99 70.88 69.47 62.91 21.21
75.20 77.19 80.91 82.84 67.43 45.48 35.43 3.32 0.00 0.00 0.00 10.07 19.14 33.62 54.81 80.93 34.60 40.21 0.00 26.78 9.07 39.11 62.65 71.81 82.98 76.67 75.71 83.34 84.76 82.42 46.64 13.03 73.77 42.55 75.04 78.46 71.24 77.20 66.55 68.96 68.94 40.68 69.93 72.39 34.03 9.63 7.45 0.00 1.11 1.32 25.29 26.52 31.90 39.11 52.47 57.02 66.34 58.68 46.55 43.06 57.69 61.91 74.91 75.49 69.85 77.28 68.94 65.62 75.07 80.91 0.00 0.00 58.94 0.00 67.54 61.58 70.54 81.27 72.53 69.52 68.07 52.07 9.72
75.27 80.58 81.02 81.55 72.17 65.19 49.59 4.15 4.62 0.00 0.00 0.00 9.41 34.58 48.86 65.41 32.42 29.58 49.19 0.00 6.68 32.37 57.84 69.64 80.94 82.04 84.45 85.37 84.49 66.97 51.74 17.31 37.38 63.64 71.34 88.64 36.00 29.03 68.76 31.69 76.45 69.05 77.63 70.58 12.69 7.11 4.50 0.00 0.97 0.00 25.29 26.82 28.04 37.26 51.32 58.69 32.62 57.90 41.27 38.37 61.50 63.11 70.09 69.84 71.24 79.06 51.94 69.43 81.81 77.10 76.89 73.97 59.31 74.50 66.58 58.57 71.61 80.37 72.24 57.71 56.39 25.13 8.49
78.96 83.27 80.76 70.91 68.55 65.23 56.62 57.30 4.30 0.00 0.00 0.00 0.00 32.64 63.34 52.92 37.25 30.21 38.94 0.00 3.71 34.01 58.54 71.41 76.50 81.44 84.91 84.79 79.62 42.73 14.37 50.00 34.01 61.75 73.05 21.13 11.34 55.59 67.88 73.26 71.47 70.59 67.38 42.69 8.37 3.11 2.17 2.22 0.00 0.00 22.97 21.44 21.69 35.08 53.84 60.13 63.47 60.94 36.88 39.40 58.90 63.16 72.65 75.34 75.42 75.57 19.45 71.42 79.01 76.92 76.51 70.95 78.10 77.33 59.09 60.09 76.24 80.77 79.39 71.64 63.39 1.97 4.04
79.13 83.02 83.87 70.01 72.10 71.79 58.60 35.59 7.15 4.97 0.00 0.00 6.26 12.42 24.10 49.00 26.00 29.65 36.69 0.00 2.39 40.29 58.60 74.99 71.59 82.06 83.87 81.36 68.54 30.41 25.89 27.25 37.61 60.43 73.30 34.58 64.86 56.15 76.07 73.26 71.42 74.47 74.69 6.56 1.45 0.00 2.41 2.11 0.00 0.00 0.00 19.52 19.35 28.34 51.46 58.77 60.77 59.77 33.81 36.33 75.57 64.82 78.26 71.28 77.60 81.41 0.00 77.41 79.06 77.41 76.63 70.62 82.43 82.98 72.58 57.46 76.02 78.73 75.50 67.55 55.42 0.00 2.21
79.92 78.04 64.46 69.06 71.74 80.89 74.02 53.60 35.18 8.32 0.00 0.00 0.00 0.00 14.32 34.19 20.61 25.20 35.93 45.06 0.00 38.96 51.97 73.18 70.38 77.66 80.03 76.43 61.45 36.61 22.70 24.38 31.09 53.46 66.69 68.16 68.98 63.50 67.71 75.81 70.48 78.41 67.64 0.00 2.34 3.71 3.35 2.10 0.00 0.00 0.00 18.33 15.84 16.91 38.30 57.71 51.32 60.36 40.10 41.73 55.15 63.31 61.30 70.70 75.11 78.95 76.99 79.79 80.83 79.91 74.60 65.42 79.79 80.77 64.18 58.59 78.30 74.46 71.36 69.14 52.59 68.35 0.00
81.47 81.57 81.64 71.25 80.83 83.73 83.93 63.42 41.07 15.71 1.04 0.00 0.00 0.00 0.00 44.12 21.85 23.13 29.81 7.07 0.00 45.43 45.58 62.53 67.36 71.03 74.68 66.72 33.85 20.90 27.19 30.64 37.67 29.44 44.85 51.53 61.19 69.73 74.53 59.99 63.36 42.67 51.47 0.00 0.00 0.00 0.00 0.00 0.00 0.00 0.00 0.00 15.41 28.28 40.34 54.33 57.29 63.10 40.08 45.26 52.69 60.67 64.78 68.57 76.05 80.84 79.45 80.49 80.07 82.77 71.22 48.02 71.50 62.24 50.49 53.92 75.77 73.84 68.89 66.62 56.07 68.20 62.81
84.48 84.11 78.09 81.54 80.76 84.15 83.40 70.45 57.88 28.10 5.00 0.00 0.00 0.00 0.00 42.73 16.21 20.04 29.17 0.00 0.00 48.59 48.64 62.16 60.29 70.40 70.82 53.01 29.51 21.20 19.08 24.45 35.54 36.44 11.63 19.13 27.14 28.19 39.30 53.31 51.98 51.73 50.40 33.16 0.00 0.00 0.00 0.00 0.00 0.00 0.00 0.00 8.01 28.15 42.39 50.48 60.84 60.47 43.69 39.35 48.54 53.78 62.41 71.75 76.95 82.88 82.59 81.34 84.18 78.58 68.75 67.55 75.78 78.30 51.17 55.70 76.64 73.71 57.65 69.41 53.95 55.06 48.59
83.41 79.84 72.81 82.57 83.01 84.79 75.51 84.68 73.36 56.39 40.09 8.14 0.00 0.00 0.00 34.76 13.22 16.26 16.35 0.00 0.00 53.14 53.64 53.63 65.48 68.94 55.14 30.83 24.39 18.19 9.32 23.79 31.04 48.85 38.82 11.58 8.58 4.60 16.60 44.79 65.50 72.39 63.67 33.10 12.23 9.88 0.00 0.00 0.00 0.00 0.00 0.00 0.00 19.89 37.63 41.48 56.57 58.64 27.83 42.16 39.66 57.01 66.47 78.73 82.93 85.27 84.50 83.90 81.81 75.18 61.71 75.07 75.00 74.11 29.09 65.74 87.44 82.44 69.68 48.83 49.90 65.79 50.11
81.71 79.08 82.72 82.01 84.80 83.78 76.33 76.13 75.33 71.25 54.78 17.94 0.00 0.00 0.00 44.84 40.17 11.62 18.95 38.12 0.00 62.13 56.47 51.25 67.67 66.95 45.20 23.80 14.66 10.19 12.04 25.18 37.89 54.63 69.09 56.40 22.64 7.61 4.96 14.74 41.90 53.49 28.84 13.90 5.06 19.69 0.00 0.00 0.00 0.00 0.00 0.00 0.00 48.60 19.86 40.98 48.19 70.42 48.19 39.21 36.74 69.51 70.79 74.48 82.26 85.06 86.37 82.89 79.42 83.52 64.89 82.49 80.13 70.54 16.96 63.25 87.24 71.55 70.54 59.86 64.52 60.78 26.61
54.98 79.89 84.34 83.47 85.03 85.42 85.25 82.42 76.16 74.20 60.10 30.61 7.46 0.00 0.00 35.68 37.65 10.52 12.31 18.05 2.58 27.08 66.08 54.96 69.54 66.76 30.78 14.68 8.73 4.87 12.72 26.13 31.60 27.74 77.18 75.63 80.38 49.96 13.10 10.82 11.06 20.27 11.13 4.30 26.32 11.93 31.36 0.00 0.00 0.00 0.00 24.14 18.72 18.77 7.56 43.55 57.03 64.89 42.18 42.62 45.09 68.17 74.49 71.85 84.37 70.12 80.58 86.49 86.39 81.28 72.62 85.25 70.01 38.77 12.26 71.96 84.99 77.69 68.38 61.85 64.06 49.92 38.32
72.06 81.27 81.14 82.96 85.40 85.41 85.36 76.36 75.80 73.96 59.82 30.94 20.20 3.22 0.00 7.28 27.01 7.70 7.05 7.44 0.00 2.98 42.76 56.75 70.22 55.40 17.28 8.38 5.13 9.42 11.80 25.17 25.26 55.30 68.37 67.52 83.67 79.54 63.37 31.30 16.16 7.09 6.89 43.86 21.58 14.71 11.55 0.00 0.00 0.00 0.00 0.00 14.72 0.00 4.19 35.24 73.63 54.88 43.42 41.00 46.46 61.01 72.99 78.84 83.17 80.50 83.40 85.55 85.39 77.78 84.88 83.68 73.57 9.96 12.43 72.69 84.94 66.88 69.06 59.23 62.08 49.11 36.27
69.57 75.33 80.71 85.19 85.39 85.33 85.32 84.74 85.01 75.95 74.76 61.70 37.90 33.71 0.00 0.00 0.00 2.18 3.66 3.80 8.27 0.00 19.79 55.55 65.19 32.80 7.34 4.17 2.75 12.19 11.02 27.87 26.03 60.74 71.88 82.25 84.61 79.48 73.37 55.08 17.04 6.39 55.35 38.45 17.78 13.06 6.51 0.00 0.00 0.00 0.00 0.00 8.79 4.55 2.15 10.51 58.75 46.63 33.71 30.83 19.68 63.40 72.35 75.92 81.80 82.62 80.43 81.98 80.06 70.17 81.17 82.74 76.25 0.00 11.93 82.26 85.78 81.20 78.27 65.63 69.77 48.54 30.35
